# Asset Price (S) | Option Price | Delta (dV/dS)
0.000000 99.252805 -165.064919
0.601202 0.015379 -82.545242
1.202405 0.000010 -0.012790
1.803607 0.000000 -0.000008
2.404810 0.000000 -0.000000
3.006012 0.000000 -0.000000
3.607214 0.000000 -0.000000
4.208417 0.000000 -0.000000
4.809619 0.000000 -0.000000
5.410822 0.000000 -0.000000
6.012024 0.000000 -0.000000
6.613226 0.000000 -0.000000
7.214429 0.000000 -0.000000
7.815631 0.000000 -0.000000
8.416834 0.000000 -0.000000
9.018036 0.000000 -0.000000
9.619238 0.000000 -0.000000
10.220441 0.000000 -0.000000
10.821643 0.000000 -0.000000
11.422846 0.000000 -0.000000
12.024048 0.000000 -0.000000
12.625251 0.000000 -0.000000
13.226453 0.000000 -0.000000
13.827655 0.000000 -0.000000
14.428858 0.000000 -0.000000
15.030060 0.000000 -0.000000
15.631263 0.000000 -0.000000
16.232465 0.000000 -0.000000
16.833667 0.000000 -0.000000
17.434870 0.000000 -0.000000
18.036072 0.000000 -0.000000
18.637275 0.000000 -0.000000
19.238477 0.000000 -0.000000
19.839679 0.000000 -0.000000
20.440882 0.000000 -0.000000
21.042084 0.000000 -0.000000
21.643287 0.000000 -0.000000
22.244489 0.000000 -0.000000
22.845691 0.000000 -0.000000
23.446894 0.000000 -0.000000
24.048096 0.000000 -0.000000
24.649299 0.000000 -0.000000
25.250501 0.000000 -0.000000
25.851703 0.000000 -0.000000
26.452906 0.000000 -0.000000
27.054108 0.000000 -0.000000
27.655311 0.000000 -0.000000
28.256513 0.000000 -0.000000
28.857715 0.000000 -0.000000
29.458918 0.000000 -0.000000
30.060120 0.000000 -0.000000
30.661323 0.000000 -0.000000
31.262525 0.000000 -0.000000
31.863727 0.000000 -0.000000
32.464930 0.000000 -0.000000
33.066132 0.000000 -0.000000
33.667335 0.000000 -0.000000
34.268537 0.000000 -0.000000
34.869739 0.000000 -0.000000
35.470942 0.000000 -0.000000
36.072144 0.000000 -0.000000
36.673347 0.000000 -0.000000
37.274549 0.000000 -0.000000
37.875752 0.000000 -0.000000
38.476954 0.000000 -0.000000
39.078156 0.000000 -0.000000
39.679359 0.000000 -0.000000
40.280561 0.000000 -0.000000
40.881764 0.000000 -0.000000
41.482966 0.000000 -0.000000
42.084168 0.000000 -0.000000
42.685371 0.000000 -0.000000
43.286573 0.000000 -0.000000
43.887776 0.000000 -0.000000
44.488978 0.000000 -0.000000
45.090180 0.000000 -0.000000
45.691383 0.000000 -0.000000
46.292585 0.000000 -0.000000
46.893788 0.000000 -0.000000
47.494990 0.000000 -0.000000
48.096192 0.000000 -0.000000
48.697395 0.000000 -0.000000
49.298597 0.000000 -0.000000
49.899800 0.000000 -0.000000
50.501002 0.000000 -0.000000
51.102204 0.000000 -0.000000
51.703407 0.000000 -0.000000
52.304609 0.000000 -0.000000
52.905812 0.000000 -0.000000
53.507014 0.000000 -0.000000
54.108216 0.000000 -0.000000
54.709419 0.000000 -0.000000
55.310621 0.000000 -0.000000
55.911824 0.000000 -0.000000
56.513026 0.000000 -0.000000
57.114228 0.000000 -0.000000
57.715431 0.000000 -0.000000
58.316633 0.000000 -0.000000
58.917836 0.000000 -0.000000
59.519038 0.000000 -0.000000
60.120240 0.000000 -0.000000
60.721443 0.000000 -0.000000
61.322645 0.000000 -0.000000
61.923848 0.000000 -0.000000
62.525050 0.000000 -0.000000
63.126253 0.000000 -0.000000
63.727455 0.000000 -0.000000
64.328657 0.000000 -0.000000
64.929860 0.000000 -0.000000
65.531062 0.000000 -0.000000
66.132265 0.000000 -0.000000
66.733467 0.000000 -0.000000
67.334669 0.000000 -0.000000
67.935872 0.000000 -0.000000
68.537074 0.000000 -0.000000
69.138277 0.000000 -0.000000
69.739479 0.000000 -0.000000
70.340681 0.000000 -0.000000
70.941884 0.000000 -0.000000
71.543086 0.000000 -0.000000
72.144289 0.000000 -0.000000
72.745491 0.000000 -0.000000
73.346693 0.000000 -0.000000
73.947896 0.000000 -0.000000
74.549098 0.000000 -0.000000
75.150301 0.000000 44.587890
75.751503 53.612694 24.198535
76.352705 29.096435 -31.393848
76.953908 15.864580 -16.971612
77.555110 8.689686 -9.217677
78.156313 4.781201 -5.029326
78.757515 2.642400 -2.756505
79.358717 1.466766 -1.517539
79.959920 0.817704 -0.839121
80.561122 0.457802 -0.466001
81.162325 0.257383 -0.259895
81.763527 0.145303 -0.145557
82.364729 0.082365 -0.081859
82.965932 0.046876 -0.046224
83.567134 0.026784 -0.026207
84.168337 0.015364 -0.014918
84.769539 0.008847 -0.008525
85.370741 0.005114 -0.004890
85.971944 0.002967 -0.002816
86.573146 0.001728 -0.001628
87.174349 0.001010 -0.000944
87.775551 0.000592 -0.000550
88.376754 0.000349 -0.000321
88.977956 0.000206 -0.000188
89.579158 0.000122 -0.000111
90.180361 0.000073 -0.000066
90.781563 0.000043 -0.000039
91.382766 0.000026 -0.000023
91.983968 0.000016 -0.000014
92.585170 0.000009 -0.000008
93.186373 0.000006 -0.000005
93.787575 0.000003 -0.000003
94.388778 0.000002 -0.000002
94.989980 0.000001 -0.000001
95.591182 0.000001 -0.000001
96.192385 0.000000 -0.000000
96.793587 0.000000 -0.000000
97.394790 0.000000 -0.000000
97.995992 0.000000 -0.000000
98.597194 0.000000 -0.000000
99.198397 0.000000 -0.000000
99.799599 0.000000 -0.000000
100.400802 0.000000 -0.000000
101.002004 0.000000 -0.000000
101.603206 0.000000 -0.000000
102.204409 0.000000 -0.000000
102.805611 0.000000 -0.000000
103.406814 0.000000 -0.000000
104.008016 0.000000 -0.000000
104.609218 0.000000 -0.000000
105.210421 0.000000 -0.000000
105.811623 0.000000 -0.000000
106.412826 0.000000 -0.000000
107.014028 0.000000 -0.000000
107.615230 0.000000 -0.000000
108.216433 0.000000 -0.000000
108.817635 0.000000 -0.000000
109.418838 0.000000 -0.000000
110.020040 0.000000 -0.000000
110.621242 0.000000 -0.000000
111.222445 0.000000 -0.000000
111.823647 0.000000 -0.000000
112.424850 0.000000 -0.000000
113.026052 0.000000 -0.000000
113.627255 0.000000 -0.000000
114.228457 0.000000 -0.000000
114.829659 0.000000 -0.000000
115.430862 0.000000 -0.000000
116.032064 0.000000 -0.000000
116.633267 0.000000 -0.000000
117.234469 0.000000 -0.000000
117.835671 0.000000 -0.000000
118.436874 0.000000 -0.000000
119.038076 0.000000 -0.000000
119.639279 0.000000 -0.000000
120.240481 0.000000 -0.000000
120.841683 0.000000 -0.000000
121.442886 0.000000 -0.000000
122.044088 0.000000 -0.000000
122.645291 0.000000 -0.000000
123.246493 0.000000 -0.000000
123.847695 0.000000 -0.000000
124.448898 0.000000 -0.000000
125.050100 0.000000 -0.000000
125.651303 0.000000 -0.000000
126.252505 0.000000 -0.000000
126.853707 0.000000 -0.000000
127.454910 0.000000 -0.000000
128.056112 0.000000 -0.000000
128.657315 0.000000 -0.000000
129.258517 0.000000 -0.000000
129.859719 0.000000 -0.000000
130.460922 0.000000 -0.000000
131.062124 0.000000 -0.000000
131.663327 0.000000 -0.000000
132.264529 0.000000 -0.000000
132.865731 0.000000 -0.000000
133.466934 0.000000 -0.000000
134.068136 0.000000 -0.000000
134.669339 0.000000 -0.000000
135.270541 0.000000 -0.000000
135.871743 0.000000 -0.000000
136.472946 0.000000 -0.000000
137.074148 0.000000 -0.000000
137.675351 0.000000 -0.000000
138.276553 0.000000 -0.000000
138.877756 0.000000 -0.000000
139.478958 0.000000 -0.000000
140.080160 0.000000 -0.000000
140.681363 0.000000 -0.000000
141.282565 0.000000 -0.000000
141.883768 0.000000 -0.000000
142.484970 0.000000 -0.000000
143.086172 0.000000 -0.000000
143.687375 0.000000 -0.000000
144.288577 0.000000 -0.000000
144.889780 0.000000 -0.000000
145.490982 0.000000 -0.000000
146.092184 0.000000 -0.000000
146.693387 0.000000 -0.000000
147.294589 0.000000 -0.000000
147.895792 0.000000 -0.000000
148.496994 0.000000 -0.000000
149.098196 0.000000 -0.000000
149.699399 0.000000 -0.000000
150.300601 0.000000 60.398012
150.901804 72.622860 44.247433
151.503006 53.203326 -27.942817
152.104208 39.024282 -20.412885
152.705411 28.658775 -14.930434
153.306613 21.071856 -10.933776
153.907816 15.511950 -8.016660
154.509018 11.432585 -5.884890
155.110220 8.435931 -4.325145
155.711423 6.232010 -3.182560
156.312625 4.609205 -2.344565
156.913828 3.412894 -1.729233
157.515030 2.529966 -1.276871
158.116232 1.877579 -0.943927
158.717435 1.394984 -0.698593
159.318637 1.037587 -0.517608
159.919840 0.772610 -0.383941
160.521042 0.575934 -0.285110
161.122244 0.429792 -0.211953
161.723447 0.321081 -0.157740
162.324649 0.240125 -0.117522
162.925852 0.179772 -0.087652
163.527054 0.134731 -0.065445
164.128257 0.101081 -0.048916
164.729459 0.075914 -0.036600
165.330661 0.057073 -0.027414
165.931864 0.042951 -0.020555
166.533066 0.032357 -0.015428
167.134269 0.024401 -0.011592
167.735471 0.018419 -0.008718
168.336673 0.013918 -0.006564
168.937876 0.010527 -0.004947
169.539078 0.007970 -0.003732
170.140281 0.006040 -0.002818
170.741483 0.004582 -0.002130
171.342685 0.003479 -0.001612
171.943888 0.002645 -0.001220
172.545090 0.002012 -0.000925
173.146293 0.001532 -0.000702
173.747495 0.001168 -0.000533
174.348697 0.000891 -0.000405
174.949900 0.000680 -0.000308
175.551102 0.000520 -0.000235
176.152305 0.000398 -0.000179
176.753507 0.000305 -0.000137
177.354709 0.000233 -0.000104
177.955912 0.000179 -0.000080
178.557114 0.000138 -0.000061
179.158317 0.000106 -0.000047
179.759519 0.000081 -0.000036
180.360721 0.000063 -0.000028
180.961924 0.000048 -0.000021
181.563126 0.000037 -0.000016
182.164329 0.000029 -0.000012
182.765531 0.000022 -0.000010
183.366733 0.000017 -0.000007
183.967936 0.000013 -0.000006
184.569138 0.000010 -0.000004
185.170341 0.000008 -0.000003
185.771543 0.000006 -0.000003
186.372745 0.000005 -0.000002
186.973948 0.000004 -0.000002
187.575150 0.000003 -0.000001
188.176353 0.000002 -0.000001
188.777555 0.000002 -0.000001
189.378758 0.000001 -0.000001
189.979960 0.000001 -0.000000
190.581162 0.000001 -0.000000
191.182365 0.000001 -0.000000
191.783567 0.000001 -0.000000
192.384770 0.000000 -0.000000
192.985972 0.000000 -0.000000
193.587174 0.000000 -0.000000
194.188377 0.000000 -0.000000
194.789579 0.000000 -0.000000
195.390782 0.000000 -0.000000
195.991984 0.000000 -0.000000
196.593186 0.000000 -0.000000
197.194389 0.000000 -0.000000
197.795591 0.000000 -0.000000
198.396794 0.000000 -0.000000
198.997996 0.000000 -0.000000
199.599198 0.000000 -0.000000
200.200401 0.000000 -0.000000
200.801603 0.000000 -0.000000
201.402806 0.000000 -0.000000
202.004008 0.000000 -0.000000
202.605210 0.000000 -0.000000
203.206413 0.000000 -0.000000
203.807615 0.000000 -0.000000
204.408818 0.000000 -0.000000
205.010020 0.000000 -0.000000
205.611222 0.000000 -0.000000
206.212425 0.000000 -0.000000
206.813627 0.000000 -0.000000
207.414830 0.000000 -0.000000
208.016032 0.000000 -0.000000
208.617234 0.000000 -0.000000
209.218437 0.000000 -0.000000
209.819639 0.000000 -0.000000
210.420842 0.000000 -0.000000
211.022044 0.000000 -0.000000
211.623246 0.000000 -0.000000
212.224449 0.000000 -0.000000
212.825651 0.000000 -0.000000
213.426854 0.000000 -0.000000
214.028056 0.000000 -0.000000
214.629259 0.000000 -0.000000
215.230461 0.000000 -0.000000
215.831663 0.000000 -0.000000
216.432866 0.000000 -0.000000
217.034068 0.000000 -0.000000
217.635271 0.000000 -0.000000
218.236473 0.000000 -0.000000
218.837675 0.000000 -0.000000
219.438878 0.000000 -0.000000
220.040080 0.000000 -0.000000
220.641283 0.000000 -0.000000
221.242485 0.000000 -0.000000
221.843687 0.000000 -0.000000
222.444890 0.000000 -0.000000
223.046092 0.000000 -0.000000
223.647295 0.000000 -0.000000
224.248497 0.000000 -0.000000
224.849699 0.000000 -0.000000
225.450902 0.000000 66.983936
226.052104 80.541806 54.386270
226.653307 65.394313 -22.801803
227.254509 53.124808 -18.474105
227.855711 43.180960 -14.976085
228.456914 35.117492 -12.147099
229.058116 28.575230 -9.857914
229.659319 23.264289 -8.004502
230.260521 18.950577 -6.503084
230.861723 15.444950 -5.286142
231.462926 12.594495 -4.299238
232.064128 10.275525 -3.498455
232.665331 8.387936 -2.848340
233.266533 6.850667 -2.320262
233.867735 5.598042 -1.891084
234.468938 4.576819 -1.542097
235.070140 3.743817 -1.258169
235.671343 3.063991 -1.027049
236.272545 2.508888 -0.838817
236.873747 2.055393 -0.685434
237.474950 1.684719 -0.560385
238.076152 1.381584 -0.458382
238.677355 1.133558 -0.375135
239.278557 0.930520 -0.307161
239.879760 0.764227 -0.251629
240.480962 0.627960 -0.206240
241.082164 0.516243 -0.169122
241.683367 0.424607 -0.138753
242.284569 0.349406 -0.113892
242.885772 0.287662 -0.093532
243.486974 0.236942 -0.076849
244.088176 0.195259 -0.063172
244.689379 0.160984 -0.051954
245.290581 0.132789 -0.042748
245.891784 0.109584 -0.035191
246.492986 0.090475 -0.028983
247.094188 0.074734 -0.023882
247.695391 0.061760 -0.019687
248.296593 0.051062 -0.016237
248.897796 0.042236 -0.013398
249.498998 0.034952 -0.011060
250.100200 0.028937 -0.009135
250.701403 0.023968 -0.007548
251.302605 0.019861 -0.006240
251.903808 0.016466 -0.005160
252.505010 0.013657 -0.004270
253.106212 0.011332 -0.003534
253.707415 0.009407 -0.002927
254.308617 0.007812 -0.002425
254.909820 0.006491 -0.002010
255.511022 0.005395 -0.001667
256.112224 0.004487 -0.001383
256.713427 0.003733 -0.001148
257.314629 0.003107 -0.000953
257.915832 0.002587 -0.000792
258.517034 0.002155 -0.000658
259.118236 0.001796 -0.000547
259.719439 0.001497 -0.000455
260.320641 0.001249 -0.000379
260.921844 0.001042 -0.000315
261.523046 0.000870 -0.000262
262.124248 0.000726 -0.000219
262.725451 0.000607 -0.000182
263.326653 0.000507 -0.000152
263.927856 0.000424 -0.000127
264.529058 0.000355 -0.000106
265.130261 0.000297 -0.000088
265.731463 0.000248 -0.000074
266.332665 0.000208 -0.000062
266.933868 0.000174 -0.000052
267.535070 0.000146 -0.000043
268.136273 0.000123 -0.000036
268.737475 0.000103 -0.000030
269.338677 0.000086 -0.000025
269.939880 0.000072 -0.000021
270.541082 0.000061 -0.000018
271.142285 0.000051 -0.000015
271.743487 0.000043 -0.000012
272.344689 0.000036 -0.000010
272.945892 0.000030 -0.000009
273.547094 0.000026 -0.000007
274.148297 0.000021 -0.000006
274.749499 0.000018 -0.000005
275.350701 0.000015 -0.000004
275.951904 0.000013 -0.000004
276.553106 0.000011 -0.000003
277.154309 0.000009 -0.000003
277.755511 0.000008 -0.000002
278.356713 0.000007 -0.000002
278.957916 0.000005 -0.000002
279.559118 0.000005 -0.000001
280.160321 0.000004 -0.000001
280.761523 0.000003 -0.000001
281.362725 0.000003 -0.000001
281.963928 0.000002 -0.000001
282.565130 0.000002 -0.000001
283.166333 0.000002 -0.000000
283.767535 0.000001 -0.000000
284.368737 0.000001 -0.000000
284.969940 0.000001 -0.000000
285.571142 0.000001 -0.000000
286.172345 0.000001 -0.000000
286.773547 0.000001 -0.000000
287.374749 0.000001 -0.000000
287.975952 0.000000 -0.000000
288.577154 0.000000 -0.000000
289.178357 0.000000 -0.000000
289.779559 0.000000 -0.000000
290.380762 0.000000 -0.000000
290.981964 0.000000 -0.000000
291.583166 0.000000 -0.000000
292.184369 0.000000 -0.000000
292.785571 0.000000 -0.000000
293.386774 0.000000 -0.000000
293.987976 0.000000 -0.000000
294.589178 0.000000 -0.000000
295.190381 0.000000 -0.000000
295.791583 0.000000 -0.000000
296.392786 0.000000 -0.000000
296.993988 0.000000 -0.000000
297.595190 0.000000 -0.000000
298.196393 0.000000 -0.000000
298.797595 0.000000 -0.000000
299.398798 0.000000 -0.000000
300.000000 0.000000 -0.000000
