# Asset Price (S) | Option Price | Delta (dV/dS)
0.000000 43.035399 -138.851142
0.300300 1.338359 -71.584179
0.600601 0.041898 -2.226148
0.900901 0.001334 -0.069687
1.201201 0.000044 -0.002218
1.501502 0.000001 -0.000072
1.801802 0.000000 -0.000002
2.102102 0.000000 -0.000000
2.402402 0.000000 -0.000000
2.702703 0.000000 -0.000000
3.003003 0.000000 -0.000000
3.303303 0.000000 -0.000000
3.603604 0.000000 -0.000000
3.903904 0.000000 -0.000000
4.204204 0.000000 -0.000000
4.504505 0.000000 -0.000000
4.804805 0.000000 -0.000000
5.105105 0.000000 -0.000000
5.405405 0.000000 -0.000000
5.705706 0.000000 -0.000000
6.006006 0.000000 -0.000000
6.306306 0.000000 -0.000000
6.606607 0.000000 -0.000000
6.906907 0.000000 -0.000000
7.207207 0.000000 -0.000000
7.507508 0.000000 -0.000000
7.807808 0.000000 -0.000000
8.108108 0.000000 -0.000000
8.408408 0.000000 -0.000000
8.708709 0.000000 -0.000000
9.009009 0.000000 -0.000000
9.309309 0.000000 -0.000000
9.609610 0.000000 -0.000000
9.909910 0.000000 -0.000000
10.210210 0.000000 -0.000000
10.510511 0.000000 -0.000000
10.810811 0.000000 -0.000000
11.111111 0.000000 -0.000000
11.411411 0.000000 -0.000000
11.711712 0.000000 -0.000000
12.012012 0.000000 -0.000000
12.312312 0.000000 -0.000000
12.612613 0.000000 -0.000000
12.912913 0.000000 -0.000000
13.213213 0.000000 -0.000000
13.513514 0.000000 -0.000000
13.813814 0.000000 -0.000000
14.114114 0.000000 -0.000000
14.414414 0.000000 -0.000000
14.714715 0.000000 -0.000000
15.015015 0.000000 -0.000000
15.315315 0.000000 -0.000000
15.615616 0.000000 -0.000000
15.915916 0.000000 -0.000000
16.216216 0.000000 -0.000000
16.516517 0.000000 -0.000000
16.816817 0.000000 -0.000000
17.117117 0.000000 -0.000000
17.417417 0.000000 -0.000000
17.717718 0.000000 -0.000000
18.018018 0.000000 -0.000000
18.318318 0.000000 -0.000000
18.618619 0.000000 -0.000000
18.918919 0.000000 -0.000000
19.219219 0.000000 -0.000000
19.519520 0.000000 -0.000000
19.819820 0.000000 -0.000000
20.120120 0.000000 -0.000000
20.420420 0.000000 -0.000000
20.720721 0.000000 -0.000000
21.021021 0.000000 -0.000000
21.321321 0.000000 -0.000000
21.621622 0.000000 -0.000000
21.921922 0.000000 -0.000000
22.222222 0.000000 -0.000000
22.522523 0.000000 -0.000000
22.822823 0.000000 -0.000000
23.123123 0.000000 -0.000000
23.423423 0.000000 -0.000000
23.723724 0.000000 -0.000000
24.024024 0.000000 -0.000000
24.324324 0.000000 -0.000000
24.624625 0.000000 -0.000000
24.924925 0.000000 -0.000000
25.225225 0.000000 -0.000000
25.525526 0.000000 -0.000000
25.825826 0.000000 -0.000000
26.126126 0.000000 -0.000000
26.426426 0.000000 -0.000000
26.726727 0.000000 -0.000000
27.027027 0.000000 -0.000000
27.327327 0.000000 -0.000000
27.627628 0.000000 -0.000000
27.927928 0.000000 -0.000000
28.228228 0.000000 -0.000000
28.528529 0.000000 -0.000000
28.828829 0.000000 -0.000000
29.129129 0.000000 -0.000000
29.429429 0.000000 -0.000000
29.729730 0.000000 -0.000000
30.030030 0.000000 -0.000000
30.330330 0.000000 -0.000000
30.630631 0.000000 -0.000000
30.930931 0.000000 -0.000000
31.231231 0.000000 -0.000000
31.531532 0.000000 -0.000000
31.831832 0.000000 -0.000000
32.132132 0.000000 -0.000000
32.432432 0.000000 -0.000000
32.732733 0.000000 -0.000000
33.033033 0.000000 -0.000000
33.333333 0.000000 -0.000000
33.633634 0.000000 -0.000000
33.933934 0.000000 -0.000000
34.234234 0.000000 -0.000000
34.534535 0.000000 -0.000000
34.834835 0.000000 -0.000000
35.135135 0.000000 -0.000000
35.435435 0.000000 -0.000000
35.735736 0.000000 -0.000000
36.036036 0.000000 -0.000000
36.336336 0.000000 -0.000000
36.636637 0.000000 -0.000000
36.936937 0.000000 -0.000000
37.237237 0.000000 -0.000000
37.537538 0.000000 -0.000000
37.837838 0.000000 -0.000000
38.138138 0.000000 -0.000000
38.438438 0.000000 -0.000000
38.738739 0.000000 -0.000000
39.039039 0.000000 -0.000000
39.339339 0.000000 -0.000000
39.639640 0.000000 -0.000000
39.939940 0.000000 -0.000000
40.240240 0.000000 -0.000000
40.540541 0.000000 -0.000000
40.840841 0.000000 -0.000000
41.141141 0.000000 -0.000000
41.441441 0.000000 -0.000000
41.741742 0.000000 -0.000000
42.042042 0.000000 -0.000000
42.342342 0.000000 -0.000000
42.642643 0.000000 -0.000000
42.942943 0.000000 -0.000000
43.243243 0.000000 -0.000000
43.543544 0.000000 -0.000000
43.843844 0.000000 -0.000000
44.144144 0.000000 -0.000000
44.444444 0.000000 -0.000000
44.744745 0.000000 -0.000000
45.045045 0.000000 -0.000000
45.345345 0.000000 -0.000000
45.645646 0.000000 -0.000000
45.945946 0.000000 -0.000000
46.246246 0.000000 -0.000000
46.546547 0.000000 -0.000000
46.846847 0.000000 -0.000000
47.147147 0.000000 -0.000000
47.447447 0.000000 -0.000000
47.747748 0.000000 -0.000000
48.048048 0.000000 -0.000000
48.348348 0.000000 -0.000000
48.648649 0.000000 -0.000000
48.948949 0.000000 -0.000000
49.249249 0.000000 -0.000000
49.549550 0.000000 -0.000000
49.849850 0.000000 -0.000000
50.150150 0.000000 -0.000000
50.450450 0.000000 -0.000000
50.750751 0.000000 -0.000000
51.051051 0.000000 -0.000000
51.351351 0.000000 -0.000000
51.651652 0.000000 -0.000000
51.951952 0.000000 -0.000000
52.252252 0.000000 -0.000000
52.552553 0.000000 -0.000000
52.852853 0.000000 -0.000000
53.153153 0.000000 -0.000000
53.453453 0.000000 -0.000000
53.753754 0.000000 -0.000000
54.054054 0.000000 -0.000000
54.354354 0.000000 -0.000000
54.654655 0.000000 -0.000000
54.954955 0.000000 -0.000000
55.255255 0.000000 -0.000000
55.555556 0.000000 -0.000000
55.855856 0.000000 -0.000000
56.156156 0.000000 -0.000000
56.456456 0.000000 -0.000000
56.756757 0.000000 -0.000000
57.057057 0.000000 -0.000000
57.357357 0.000000 -0.000000
57.657658 0.000000 -0.000000
57.957958 0.000000 -0.000000
58.258258 0.000000 -0.000000
58.558559 0.000000 -0.000000
58.858859 0.000000 -0.000000
59.159159 0.000000 -0.000000
59.459459 0.000000 -0.000000
59.759760 0.000000 -0.000000
60.060060 0.000000 -0.000000
60.360360 0.000000 -0.000000
60.660661 0.000000 -0.000000
60.960961 0.000000 -0.000000
61.261261 0.000000 -0.000000
61.561562 0.000000 -0.000000
61.861862 0.000000 -0.000000
62.162162 0.000000 -0.000000
62.462462 0.000000 -0.000000
62.762763 0.000000 -0.000000
63.063063 0.000000 -0.000000
63.363363 0.000000 -0.000000
63.663664 0.000000 -0.000000
63.963964 0.000000 -0.000000
64.264264 0.000000 -0.000000
64.564565 0.000000 -0.000000
64.864865 0.000000 -0.000000
65.165165 0.000000 -0.000000
65.465465 0.000000 -0.000000
65.765766 0.000000 -0.000000
66.066066 0.000000 -0.000000
66.366366 0.000000 -0.000000
66.666667 0.000000 -0.000000
66.966967 0.000000 -0.000000
67.267267 0.000000 -0.000000
67.567568 0.000000 -0.000000
67.867868 0.000000 -0.000000
68.168168 0.000000 -0.000000
68.468468 0.000000 -0.000000
68.768769 0.000000 -0.000000
69.069069 0.000000 -0.000000
69.369369 0.000000 -0.000000
69.669670 0.000000 -0.000000
69.969970 0.000000 -0.000000
70.270270 0.000000 -0.000000
70.570571 0.000000 -0.000000
70.870871 0.000000 -0.000000
71.171171 0.000000 -0.000000
71.471471 0.000000 -0.000000
71.771772 0.000000 -0.000000
72.072072 0.000000 -0.000000
72.372372 0.000000 -0.000000
72.672673 0.000000 -0.000000
72.972973 0.000000 -0.000000
73.273273 0.000000 -0.000000
73.573574 0.000000 -0.000000
73.873874 0.000000 -0.000000
74.174174 0.000000 -0.000000
74.474474 0.000000 -0.000000
74.774775 0.000000 -0.000000
75.075075 0.000000 53.270000
75.375375 31.993994 39.649142
75.675676 23.813299 -23.724632
75.975976 17.744965 -17.607420
76.276276 13.238272 -13.082771
76.576577 9.887445 -9.732124
76.876877 7.393153 -7.247954
77.177177 5.534320 -5.404049
77.477477 4.147477 -4.033810
77.777778 3.111611 -3.014394
78.078078 2.337031 -2.255118
78.378378 1.757186 -1.688961
78.678679 1.322640 -1.266331
78.978979 0.996627 -0.950493
79.279279 0.751773 -0.714201
79.579580 0.567677 -0.537228
79.879880 0.429114 -0.404539
80.180180 0.324711 -0.304945
80.480480 0.245964 -0.230112
80.780781 0.186505 -0.173824
81.081081 0.141565 -0.131441
81.381381 0.107562 -0.099494
81.681682 0.081809 -0.075389
81.981982 0.062284 -0.057181
82.282282 0.047466 -0.043415
82.582583 0.036208 -0.032996
82.882883 0.027648 -0.025102
83.183183 0.021132 -0.019116
83.483483 0.016167 -0.014571
83.783784 0.012381 -0.011118
84.084084 0.009490 -0.008491
84.384384 0.007281 -0.006491
84.684685 0.005592 -0.004967
84.984985 0.004298 -0.003804
85.285285 0.003307 -0.002916
85.585586 0.002547 -0.002238
85.885886 0.001963 -0.001719
86.186186 0.001514 -0.001321
86.486486 0.001169 -0.001017
86.786787 0.000904 -0.000783
87.087087 0.000699 -0.000604
87.387387 0.000541 -0.000466
87.687688 0.000419 -0.000360
87.987988 0.000325 -0.000278
88.288288 0.000253 -0.000215
88.588589 0.000196 -0.000166
88.888889 0.000153 -0.000129
89.189189 0.000119 -0.000100
89.489489 0.000092 -0.000078
89.789790 0.000072 -0.000060
90.090090 0.000056 -0.000047
90.390390 0.000044 -0.000037
90.690691 0.000034 -0.000028
90.990991 0.000027 -0.000022
91.291291 0.000021 -0.000017
91.591592 0.000016 -0.000013
91.891892 0.000013 -0.000011
92.192192 0.000010 -0.000008
92.492492 0.000008 -0.000006
92.792793 0.000006 -0.000005
93.093093 0.000005 -0.000004
93.393393 0.000004 -0.000003
93.693694 0.000003 -0.000002
93.993994 0.000002 -0.000002
94.294294 0.000002 -0.000002
94.594595 0.000001 -0.000001
94.894895 0.000001 -0.000001
95.195195 0.000001 -0.000001
95.495495 0.000001 -0.000001
95.795796 0.000001 -0.000000
96.096096 0.000000 -0.000000
96.396396 0.000000 -0.000000
96.696697 0.000000 -0.000000
96.996997 0.000000 -0.000000
97.297297 0.000000 -0.000000
97.597598 0.000000 -0.000000
97.897898 0.000000 -0.000000
98.198198 0.000000 -0.000000
98.498498 0.000000 -0.000000
98.798799 0.000000 -0.000000
99.099099 0.000000 -0.000000
99.399399 0.000000 -0.000000
99.699700 0.000000 -0.000000
100.000000 0.000000 -0.000000
100.300300 0.000000 -0.000000
100.600601 0.000000 -0.000000
100.900901 0.000000 -0.000000
101.201201 0.000000 -0.000000
101.501502 0.000000 -0.000000
101.801802 0.000000 -0.000000
102.102102 0.000000 -0.000000
102.402402 0.000000 -0.000000
102.702703 0.000000 -0.000000
103.003003 0.000000 -0.000000
103.303303 0.000000 -0.000000
103.603604 0.000000 -0.000000
103.903904 0.000000 -0.000000
104.204204 0.000000 -0.000000
104.504505 0.000000 -0.000000
104.804805 0.000000 -0.000000
105.105105 0.000000 -0.000000
105.405405 0.000000 -0.000000
105.705706 0.000000 -0.000000
106.006006 0.000000 -0.000000
106.306306 0.000000 -0.000000
106.606607 0.000000 -0.000000
106.906907 0.000000 -0.000000
107.207207 0.000000 -0.000000
107.507508 0.000000 -0.000000
107.807808 0.000000 -0.000000
108.108108 0.000000 -0.000000
108.408408 0.000000 -0.000000
108.708709 0.000000 -0.000000
109.009009 0.000000 -0.000000
109.309309 0.000000 -0.000000
109.609610 0.000000 -0.000000
109.909910 0.000000 -0.000000
110.210210 0.000000 -0.000000
110.510511 0.000000 -0.000000
110.810811 0.000000 -0.000000
111.111111 0.000000 -0.000000
111.411411 0.000000 -0.000000
111.711712 0.000000 -0.000000
112.012012 0.000000 -0.000000
112.312312 0.000000 -0.000000
112.612613 0.000000 -0.000000
112.912913 0.000000 -0.000000
113.213213 0.000000 -0.000000
113.513514 0.000000 -0.000000
113.813814 0.000000 -0.000000
114.114114 0.000000 -0.000000
114.414414 0.000000 -0.000000
114.714715 0.000000 -0.000000
115.015015 0.000000 -0.000000
115.315315 0.000000 -0.000000
115.615616 0.000000 -0.000000
115.915916 0.000000 -0.000000
116.216216 0.000000 -0.000000
116.516517 0.000000 -0.000000
116.816817 0.000000 -0.000000
117.117117 0.000000 -0.000000
117.417417 0.000000 -0.000000
117.717718 0.000000 -0.000000
118.018018 0.000000 -0.000000
118.318318 0.000000 -0.000000
118.618619 0.000000 -0.000000
118.918919 0.000000 -0.000000
119.219219 0.000000 -0.000000
119.519520 0.000000 -0.000000
119.819820 0.000000 -0.000000
120.120120 0.000000 -0.000000
120.420420 0.000000 -0.000000
120.720721 0.000000 -0.000000
121.021021 0.000000 -0.000000
121.321321 0.000000 -0.000000
121.621622 0.000000 -0.000000
121.921922 0.000000 -0.000000
122.222222 0.000000 -0.000000
122.522523 0.000000 -0.000000
122.822823 0.000000 -0.000000
123.123123 0.000000 -0.000000
123.423423 0.000000 -0.000000
123.723724 0.000000 -0.000000
124.024024 0.000000 -0.000000
124.324324 0.000000 -0.000000
124.624625 0.000000 -0.000000
124.924925 0.000000 -0.000000
125.225225 0.000000 -0.000000
125.525526 0.000000 -0.000000
125.825826 0.000000 -0.000000
126.126126 0.000000 -0.000000
126.426426 0.000000 -0.000000
126.726727 0.000000 -0.000000
127.027027 0.000000 -0.000000
127.327327 0.000000 -0.000000
127.627628 0.000000 -0.000000
127.927928 0.000000 -0.000000
128.228228 0.000000 -0.000000
128.528529 0.000000 -0.000000
128.828829 0.000000 -0.000000
129.129129 0.000000 -0.000000
129.429429 0.000000 -0.000000
129.729730 0.000000 -0.000000
130.030030 0.000000 -0.000000
130.330330 0.000000 -0.000000
130.630631 0.000000 -0.000000
130.930931 0.000000 -0.000000
131.231231 0.000000 -0.000000
131.531532 0.000000 -0.000000
131.831832 0.000000 -0.000000
132.132132 0.000000 -0.000000
132.432432 0.000000 -0.000000
132.732733 0.000000 -0.000000
133.033033 0.000000 -0.000000
133.333333 0.000000 -0.000000
133.633634 0.000000 -0.000000
133.933934 0.000000 -0.000000
134.234234 0.000000 -0.000000
134.534535 0.000000 -0.000000
134.834835 0.000000 -0.000000
135.135135 0.000000 -0.000000
135.435435 0.000000 -0.000000
135.735736 0.000000 -0.000000
136.036036 0.000000 -0.000000
136.336336 0.000000 -0.000000
136.636637 0.000000 -0.000000
136.936937 0.000000 -0.000000
137.237237 0.000000 -0.000000
137.537538 0.000000 -0.000000
137.837838 0.000000 -0.000000
138.138138 0.000000 -0.000000
138.438438 0.000000 -0.000000
138.738739 0.000000 -0.000000
139.039039 0.000000 -0.000000
139.339339 0.000000 -0.000000
139.639640 0.000000 -0.000000
139.939940 0.000000 -0.000000
140.240240 0.000000 -0.000000
140.540541 0.000000 -0.000000
140.840841 0.000000 -0.000000
141.141141 0.000000 -0.000000
141.441441 0.000000 -0.000000
141.741742 0.000000 -0.000000
142.042042 0.000000 -0.000000
142.342342 0.000000 -0.000000
142.642643 0.000000 -0.000000
142.942943 0.000000 -0.000000
143.243243 0.000000 -0.000000
143.543544 0.000000 -0.000000
143.843844 0.000000 -0.000000
144.144144 0.000000 -0.000000
144.444444 0.000000 -0.000000
144.744745 0.000000 -0.000000
145.045045 0.000000 -0.000000
145.345345 0.000000 -0.000000
145.645646 0.000000 -0.000000
145.945946 0.000000 -0.000000
146.246246 0.000000 -0.000000
146.546547 0.000000 -0.000000
146.846847 0.000000 -0.000000
147.147147 0.000000 -0.000000
147.447447 0.000000 -0.000000
147.747748 0.000000 -0.000000
148.048048 0.000000 -0.000000
148.348348 0.000000 -0.000000
148.648649 0.000000 -0.000000
148.948949 0.000000 -0.000000
149.249249 0.000000 -0.000000
149.549550 0.000000 -0.000000
149.849850 0.000000 -0.000000
150.150150 0.000000 61.746602
150.450450 37.085046 53.224873
150.750751 31.966890 -15.853833
151.051051 27.563225 -13.642534
151.351351 23.773176 -11.743164
151.651652 20.510273 -10.111230
151.951952 17.700365 -8.708656
152.252252 15.279849 -7.502846
152.552553 13.194152 -6.465889
152.852853 11.396433 -5.573875
153.153153 9.846479 -4.806317
153.453453 8.509756 -4.145658
153.753754 7.356594 -3.576842
154.054054 6.361502 -3.086959
154.354354 5.502565 -2.664934
154.654655 4.760941 -2.301260
154.954955 4.120427 -1.987780
155.255255 3.567079 -1.717489
155.555556 3.088902 -1.484369
155.855856 2.675567 -1.283251
156.156156 2.318180 -1.109694
156.456456 2.009084 -0.959877
156.756757 1.741678 -0.830517
157.057057 1.510275 -0.718789
157.357357 1.309973 -0.622263
157.657658 1.136544 -0.538847
157.957958 0.986341 -0.466741
158.258258 0.856219 -0.404394
158.558559 0.743461 -0.350471
158.858859 0.645726 -0.303819
159.159159 0.560987 -0.263449
159.459459 0.487498 -0.228504
159.759760 0.423748 -0.198247
160.060060 0.368431 -0.172043
160.360360 0.320419 -0.149342
160.660661 0.278736 -0.129670
160.960961 0.242539 -0.112619
161.261261 0.211097 -0.097836
161.561562 0.183778 -0.085016
161.861862 0.160036 -0.073895
162.162162 0.139397 -0.064245
162.462462 0.121450 -0.055870
162.762763 0.105841 -0.048599
163.063063 0.092262 -0.042286
163.363363 0.080445 -0.036801
163.663664 0.070159 -0.032037
163.963964 0.061203 -0.027896
164.264264 0.053404 -0.024297
164.564565 0.046611 -0.021167
164.864865 0.040691 -0.018445
165.165165 0.035533 -0.016077
165.465465 0.031035 -0.014017
165.765766 0.027114 -0.012223
166.066066 0.023694 -0.010662
166.366366 0.020710 -0.009303
166.666667 0.018107 -0.008119
166.966967 0.015834 -0.007087
167.267267 0.013850 -0.006188
167.567568 0.012118 -0.005404
167.867868 0.010605 -0.004721
168.168168 0.009283 -0.004125
168.468468 0.008127 -0.003605
168.768769 0.007118 -0.003151
169.069069 0.006235 -0.002756
169.369369 0.005463 -0.002410
169.669670 0.004787 -0.002108
169.969970 0.004196 -0.001845
170.270270 0.003679 -0.001615
170.570571 0.003227 -0.001413
170.870871 0.002830 -0.001238
171.171171 0.002483 -0.001084
171.471471 0.002179 -0.000950
171.771772 0.001913 -0.000832
172.072072 0.001680 -0.000729
172.372372 0.001475 -0.000639
172.672673 0.001296 -0.000561
172.972973 0.001138 -0.000492
173.273273 0.001000 -0.000431
173.573574 0.000879 -0.000378
173.873874 0.000773 -0.000332
174.174174 0.000680 -0.000292
174.474474 0.000598 -0.000256
174.774775 0.000526 -0.000225
175.075075 0.000463 -0.000197
175.375375 0.000407 -0.000174
175.675676 0.000359 -0.000152
175.975976 0.000316 -0.000134
176.276276 0.000278 -0.000118
176.576577 0.000245 -0.000104
176.876877 0.000216 -0.000091
177.177177 0.000190 -0.000080
177.477477 0.000168 -0.000071
177.777778 0.000148 -0.000062
178.078078 0.000130 -0.000055
178.378378 0.000115 -0.000048
178.678679 0.000101 -0.000042
178.978979 0.000089 -0.000037
179.279279 0.000079 -0.000033
179.579580 0.000070 -0.000029
179.879880 0.000062 -0.000026
180.180180 0.000054 -0.000023
180.480480 0.000048 -0.000020
180.780781 0.000042 -0.000018
181.081081 0.000037 -0.000015
181.381381 0.000033 -0.000014
181.681682 0.000029 -0.000012
181.981982 0.000026 -0.000011
182.282282 0.000023 -0.000009
182.582583 0.000020 -0.000008
182.882883 0.000018 -0.000007
183.183183 0.000016 -0.000006
183.483483 0.000014 -0.000006
183.783784 0.000012 -0.000005
184.084084 0.000011 -0.000004
184.384384 0.000010 -0.000004
184.684685 0.000009 -0.000003
184.984985 0.000008 -0.000003
185.285285 0.000007 -0.000003
185.585586 0.000006 -0.000002
185.885886 0.000005 -0.000002
186.186186 0.000005 -0.000002
186.486486 0.000004 -0.000002
186.786787 0.000004 -0.000001
187.087087 0.000003 -0.000001
187.387387 0.000003 -0.000001
187.687688 0.000003 -0.000001
187.987988 0.000002 -0.000001
188.288288 0.000002 -0.000001
188.588589 0.000002 -0.000001
188.888889 0.000002 -0.000001
189.189189 0.000001 -0.000001
189.489489 0.000001 -0.000001
189.789790 0.000001 -0.000000
190.090090 0.000001 -0.000000
190.390390 0.000001 -0.000000
190.690691 0.000001 -0.000000
190.990991 0.000001 -0.000000
191.291291 0.000001 -0.000000
191.591592 0.000001 -0.000000
191.891892 0.000000 -0.000000
192.192192 0.000000 -0.000000
192.492492 0.000000 -0.000000
192.792793 0.000000 -0.000000
193.093093 0.000000 -0.000000
193.393393 0.000000 -0.000000
193.693694 0.000000 -0.000000
193.993994 0.000000 -0.000000
194.294294 0.000000 -0.000000
194.594595 0.000000 -0.000000
194.894895 0.000000 -0.000000
195.195195 0.000000 -0.000000
195.495495 0.000000 -0.000000
195.795796 0.000000 -0.000000
196.096096 0.000000 -0.000000
196.396396 0.000000 -0.000000
196.696697 0.000000 -0.000000
196.996997 0.000000 -0.000000
197.297297 0.000000 -0.000000
197.597598 0.000000 -0.000000
197.897898 0.000000 -0.000000
198.198198 0.000000 -0.000000
198.498498 0.000000 -0.000000
198.798799 0.000000 -0.000000
199.099099 0.000000 -0.000000
199.399399 0.000000 -0.000000
199.699700 0.000000 -0.000000
200.000000 0.000000 -0.000000
200.300300 0.000000 -0.000000
200.600601 0.000000 -0.000000
200.900901 0.000000 -0.000000
201.201201 0.000000 -0.000000
201.501502 0.000000 -0.000000
201.801802 0.000000 -0.000000
202.102102 0.000000 -0.000000
202.402402 0.000000 -0.000000
202.702703 0.000000 -0.000000
203.003003 0.000000 -0.000000
203.303303 0.000000 -0.000000
203.603604 0.000000 -0.000000
203.903904 0.000000 -0.000000
204.204204 0.000000 -0.000000
204.504505 0.000000 -0.000000
204.804805 0.000000 -0.000000
205.105105 0.000000 -0.000000
205.405405 0.000000 -0.000000
205.705706 0.000000 -0.000000
206.006006 0.000000 -0.000000
206.306306 0.000000 -0.000000
206.606607 0.000000 -0.000000
206.906907 0.000000 -0.000000
207.207207 0.000000 -0.000000
207.507508 0.000000 -0.000000
207.807808 0.000000 -0.000000
208.108108 0.000000 -0.000000
208.408408 0.000000 -0.000000
208.708709 0.000000 -0.000000
209.009009 0.000000 -0.000000
209.309309 0.000000 -0.000000
209.609610 0.000000 -0.000000
209.909910 0.000000 -0.000000
210.210210 0.000000 -0.000000
210.510511 0.000000 -0.000000
210.810811 0.000000 -0.000000
211.111111 0.000000 -0.000000
211.411411 0.000000 -0.000000
211.711712 0.000000 -0.000000
212.012012 0.000000 -0.000000
212.312312 0.000000 -0.000000
212.612613 0.000000 -0.000000
212.912913 0.000000 -0.000000
213.213213 0.000000 -0.000000
213.513514 0.000000 -0.000000
213.813814 0.000000 -0.000000
214.114114 0.000000 -0.000000
214.414414 0.000000 -0.000000
214.714715 0.000000 -0.000000
215.015015 0.000000 -0.000000
215.315315 0.000000 -0.000000
215.615616 0.000000 -0.000000
215.915916 0.000000 -0.000000
216.216216 0.000000 -0.000000
216.516517 0.000000 -0.000000
216.816817 0.000000 -0.000000
217.117117 0.000000 -0.000000
217.417417 0.000000 -0.000000
217.717718 0.000000 -0.000000
218.018018 0.000000 -0.000000
218.318318 0.000000 -0.000000
218.618619 0.000000 -0.000000
218.918919 0.000000 -0.000000
219.219219 0.000000 -0.000000
219.519520 0.000000 -0.000000
219.819820 0.000000 -0.000000
220.120120 0.000000 -0.000000
220.420420 0.000000 -0.000000
220.720721 0.000000 -0.000000
221.021021 0.000000 -0.000000
221.321321 0.000000 -0.000000
221.621622 0.000000 -0.000000
221.921922 0.000000 -0.000000
222.222222 0.000000 -0.000000
222.522523 0.000000 -0.000000
222.822823 0.000000 -0.000000
223.123123 0.000000 -0.000000
223.423423 0.000000 -0.000000
223.723724 0.000000 -0.000000
224.024024 0.000000 -0.000000
224.324324 0.000000 -0.000000
224.624625 0.000000 -0.000000
224.924925 0.000000 -0.000000
225.225225 0.000000 64.880017
225.525526 38.966977 58.754233
225.825826 35.287828 -11.666186
226.126126 31.960259 -10.552027
226.426426 28.950274 -9.545544
226.726727 26.227200 -8.636208
227.027027 23.763362 -7.814532
227.327327 21.533787 -7.071967
227.627628 19.515935 -6.400806
227.927928 17.689459 -5.794101
228.228228 16.035994 -5.245591
228.528529 14.538954 -4.749626
228.828829 13.183366 -4.301115
229.129129 11.955702 -3.895463
229.429429 10.843748 -3.528527
229.729730 9.836467 -3.196568
230.030030 8.923888 -2.896212
230.330330 8.097000 -2.624416
230.630631 7.347662 -2.378432
230.930931 6.668513 -2.155779
231.231231 6.052900 -1.954219
231.531532 5.494808 -1.771730
231.831832 4.988798 -1.606485
232.132132 4.529952 -1.456838
232.432432 4.113820 -1.321297
232.732733 3.736380 -1.198517
233.033033 3.393990 -1.087283
233.333333 3.083357 -0.986496
233.633634 2.801500 -0.895164
233.933934 2.545721 -0.812389
234.234234 2.313579 -0.737359
234.534535 2.102863 -0.669342
234.834835 1.911572 -0.607674
235.135135 1.737893 -0.551756
235.435435 1.580187 -0.501046
235.735736 1.436965 -0.455051
236.036036 1.306882 -0.413330
236.336336 1.188719 -0.375479
236.636637 1.081369 -0.341137
236.936937 0.983832 -0.309973
237.237237 0.895199 -0.281690
237.537538 0.814649 -0.256019
237.837838 0.741434 -0.232715
238.138138 0.674880 -0.211558
238.438438 0.614373 -0.192347
238.738739 0.559356 -0.174902
239.039039 0.509326 -0.159058
239.339339 0.463826 -0.144667
239.639640 0.422440 -0.131593
239.939940 0.384791 -0.119715
240.240240 0.350539 -0.108922
240.540541 0.319373 -0.099113
240.840841 0.291011 -0.090199
241.141141 0.265199 -0.082096
241.441441 0.241704 -0.074730
241.741742 0.220316 -0.068032
242.042042 0.200844 -0.061942
242.342342 0.183114 -0.056404
242.642643 0.166968 -0.051367
242.942943 0.152263 -0.046785
243.243243 0.138869 -0.042617
243.543544 0.126667 -0.038824
243.843844 0.115551 -0.035373
244.144144 0.105422 -0.032233
244.444444 0.096192 -0.029374
244.744745 0.087780 -0.026773
245.045045 0.080112 -0.024404
245.345345 0.073123 -0.022248
245.645646 0.066751 -0.020284
245.945946 0.060940 -0.018496
246.246246 0.055642 -0.016867
246.546547 0.050810 -0.015383
246.846847 0.046403 -0.014032
247.147147 0.042382 -0.012801
247.447447 0.038715 -0.011679
247.747748 0.035368 -0.010656
248.048048 0.032314 -0.009724
248.348348 0.029528 -0.008875
248.648649 0.026984 -0.008101
248.948949 0.024662 -0.007395
249.249249 0.022543 -0.006751
249.549550 0.020608 -0.006164
249.849850 0.018841 -0.005629
250.150150 0.017227 -0.005140
250.450450 0.015753 -0.004695
250.750751 0.014407 -0.004289
251.051051 0.013178 -0.003918
251.351351 0.012054 -0.003580
251.651652 0.011028 -0.003271
251.951952 0.010090 -0.002989
252.252252 0.009232 -0.002732
252.552553 0.008449 -0.002497
252.852853 0.007733 -0.002283
253.153153 0.007078 -0.002087
253.453453 0.006479 -0.001908
253.753754 0.005932 -0.001745
254.054054 0.005431 -0.001596
254.354354 0.004973 -0.001459
254.654655 0.004555 -0.001335
254.954955 0.004172 -0.001221
255.255255 0.003821 -0.001117
255.555556 0.003501 -0.001022
255.855856 0.003207 -0.000936
256.156156 0.002939 -0.000856
256.456456 0.002693 -0.000784
256.756757 0.002468 -0.000717
257.057057 0.002262 -0.000657
257.357357 0.002073 -0.000601
257.657658 0.001901 -0.000551
257.957958 0.001743 -0.000504
258.258258 0.001598 -0.000462
258.558559 0.001465 -0.000423
258.858859 0.001344 -0.000387
259.159159 0.001233 -0.000355
259.459459 0.001131 -0.000325
259.759760 0.001037 -0.000298
260.060060 0.000952 -0.000273
260.360360 0.000873 -0.000250
260.660661 0.000801 -0.000229
260.960961 0.000735 -0.000210
261.261261 0.000675 -0.000193
261.561562 0.000620 -0.000177
261.861862 0.000569 -0.000162
262.162162 0.000522 -0.000149
262.462462 0.000479 -0.000136
262.762763 0.000440 -0.000125
263.063063 0.000404 -0.000115
263.363363 0.000371 -0.000105
263.663664 0.000341 -0.000097
263.963964 0.000313 -0.000089
264.264264 0.000288 -0.000081
264.564565 0.000265 -0.000075
264.864865 0.000243 -0.000069
265.165165 0.000223 -0.000063
265.465465 0.000205 -0.000058
265.765766 0.000189 -0.000053
266.066066 0.000174 -0.000049
266.366366 0.000160 -0.000045
266.666667 0.000147 -0.000041
266.966967 0.000135 -0.000038
267.267267 0.000124 -0.000035
267.567568 0.000114 -0.000032
267.867868 0.000105 -0.000029
268.168168 0.000097 -0.000027
268.468468 0.000089 -0.000025
268.768769 0.000082 -0.000023
269.069069 0.000075 -0.000021
269.369369 0.000069 -0.000019
269.669670 0.000064 -0.000018
269.969970 0.000059 -0.000016
270.270270 0.000054 -0.000015
270.570571 0.000050 -0.000014
270.870871 0.000046 -0.000013
271.171171 0.000042 -0.000012
271.471471 0.000039 -0.000011
271.771772 0.000036 -0.000010
272.072072 0.000033 -0.000009
272.372372 0.000030 -0.000008
272.672673 0.000028 -0.000008
272.972973 0.000026 -0.000007
273.273273 0.000024 -0.000006
273.573574 0.000022 -0.000006
273.873874 0.000020 -0.000005
274.174174 0.000019 -0.000005
274.474474 0.000017 -0.000005
274.774775 0.000016 -0.000004
275.075075 0.000014 -0.000004
275.375375 0.000013 -0.000004
275.675676 0.000012 -0.000003
275.975976 0.000011 -0.000003
276.276276 0.000010 -0.000003
276.576577 0.000010 -0.000003
276.876877 0.000009 -0.000002
277.177177 0.000008 -0.000002
277.477477 0.000008 -0.000002
277.777778 0.000007 -0.000002
278.078078 0.000006 -0.000002
278.378378 0.000006 -0.000002
278.678679 0.000005 -0.000001
278.978979 0.000005 -0.000001
279.279279 0.000005 -0.000001
279.579580 0.000004 -0.000001
279.879880 0.000004 -0.000001
280.180180 0.000004 -0.000001
280.480480 0.000003 -0.000001
280.780781 0.000003 -0.000001
281.081081 0.000003 -0.000001
281.381381 0.000003 -0.000001
281.681682 0.000002 -0.000001
281.981982 0.000002 -0.000001
282.282282 0.000002 -0.000001
282.582583 0.000002 -0.000001
282.882883 0.000002 -0.000000
283.183183 0.000002 -0.000000
283.483483 0.000002 -0.000000
283.783784 0.000001 -0.000000
284.084084 0.000001 -0.000000
284.384384 0.000001 -0.000000
284.684685 0.000001 -0.000000
284.984985 0.000001 -0.000000
285.285285 0.000001 -0.000000
285.585586 0.000001 -0.000000
285.885886 0.000001 -0.000000
286.186186 0.000001 -0.000000
286.486486 0.000001 -0.000000
286.786787 0.000001 -0.000000
287.087087 0.000001 -0.000000
287.387387 0.000001 -0.000000
287.687688 0.000001 -0.000000
287.987988 0.000000 -0.000000
288.288288 0.000000 -0.000000
288.588589 0.000000 -0.000000
288.888889 0.000000 -0.000000
289.189189 0.000000 -0.000000
289.489489 0.000000 -0.000000
289.789790 0.000000 -0.000000
290.090090 0.000000 -0.000000
290.390390 0.000000 -0.000000
290.690691 0.000000 -0.000000
290.990991 0.000000 -0.000000
291.291291 0.000000 -0.000000
291.591592 0.000000 -0.000000
291.891892 0.000000 -0.000000
292.192192 0.000000 -0.000000
292.492492 0.000000 -0.000000
292.792793 0.000000 -0.000000
293.093093 0.000000 -0.000000
293.393393 0.000000 -0.000000
293.693694 0.000000 -0.000000
293.993994 0.000000 -0.000000
294.294294 0.000000 -0.000000
294.594595 0.000000 -0.000000
294.894895 0.000000 -0.000000
295.195195 0.000000 -0.000000
295.495495 0.000000 -0.000000
295.795796 0.000000 -0.000000
296.096096 0.000000 -0.000000
296.396396 0.000000 -0.000000
296.696697 0.000000 -0.000000
296.996997 0.000000 -0.000000
297.297297 0.000000 -0.000000
297.597598 0.000000 -0.000000
297.897898 0.000000 -0.000000
298.198198 0.000000 -0.000000
298.498498 0.000000 -0.000000
298.798799 0.000000 -0.000000
299.099099 0.000000 -0.000000
299.399399 0.000000 -0.000000
299.699700 0.000000 -0.000000
300.000000 0.000000 -0.000000
