# Asset Price (S) | Option Price | Delta (dV/dS)
0.000000 43.035399 466001297765975607582688706677361332466088494158656208181116920608298384830519523087440594249218179179217646978252931072.000000
0.300300 139940329659452146462136482433517353049685934518071373009310579895861276347845108816393671410721417538901599521156890624.000000 -134760234744155859821727979534703868223054456633240798599893490469054227346647344861042490194875062487242350844534513991680.000000
0.600601 -80937077924417930025028107749012910616930201561249754955780252471230225724265554446327538853247442771165852408761332793344.000000 76595597250567278892059100677918862367301435410116574850452936356690043448266356951200016788629651488847278219017255303249920.000000
0.900901 46003501652382075624073932172599331646395603736597096928982627051226748927900787305032662410716365099367392212837905305960448.000000 -42341551564805297166127845719620333422045432635972057908124242139413470067457722738153415503014752256201044306697348947260735488.000000
1.201201 -25430442237261286801647073180913140052643279848668398181324214054379934779130581661091208219535903538436159252983674428949790720.000000 22543440431877366950767386100451002201788243368440685806550952563260917734080788414268918362208826037501060632026246760372589559808.000000
1.501502 13539649866491062748590422392015163081412105786954736688138172040154075968242788745512814816669435149912689081626304085776941449216.000000 -11458333141311107691838776763186946755764143891063404706290824347940084507018691674925819592931334503677294658144486616183253344714752.000000
1.801802 -6881907196995455234549752630032154380500341225608662012444994631233181441680661455919840593633896567299848079244669051688692043743232.000000 5516631985508992272893228916040985370638052162748574136842477638312648071631879461197358112821529949555405139854175882743694167914840064.000000
2.102102 3313306023439051071378952381428576318619570360513986670166789909013687309298679129254422067281167052656923393107522846309457606396084224.000000 -2498913664509796733138859666593930550374068191684229030546842634028211247834639180844614166196997160640374748283136777679165794590931288064.000000
2.402402 -1500855929660828712372239200339352029725790703311716867257895264682724724206626345738102995081196628330432780754394132653248631873459978240.000000 1058980870148812518276067282332252754784197673942193887469952825445009890706334702740122454112400993751322016917477440552206316094779719417856.000000
2.702703 636027859941946896759945403395790609287553065210738902523090314185893738774347733451709350217506353242768649389323281618876084910438668566528.000000 -417875739741638792898970675780589058660381901720173336586291349137365913676515103914335518938552878470562334553127236683177430420680414771281920.000000
3.003003 -250977921121178187084129983489389827378748566672946452234737690341983348205345333175047731892796232987267544180368571042506728954490339331145728.000000 152955567275479762320928566792329550781822644349927383769259276466145929293898247849997992862724502265458820633687518937492961936208805337749258240.000000
3.303303 91865841598718654503123987662919602376129632957232941912601188607774681713593720703309196165280057137251645653580475035786452445573735957047279616.000000 -51770991203592457189590991989910381681865663028729786932312928079357946325980191059524096821408357194306366105222841228662074930286372151068270264320.000000
3.603604 -31093939388487164498337987178052099495991038818575563707056459605039917513278499160445765020662827926436579026964075915866245966674981326731740184576.000000 16161557838015960524901658850162054678253328859354816393035622184069937494111036080197318948436415413186074532889194532361775922251737167669842608652288.000000
3.903904 9706733209995327805875809803543855886493754756692344926402024189434027292434029889126424601196766219616406592012916173255324971770508977697392424910848.000000 -4642650100142539790025330652880058842473555001961148959413618359138530152158300726557671770664827542785505427018628427599689167254866299003104759094706176.000000
4.204204 -2788409532463436262468315864204633692502748748089314220668402944704882046479391340440158192903086415659559990355346725453088032785343708553740684915376128.000000 1224544769448142612967288691258984784599988870621815360682350360109482616358420714670609554705592312946286020521983084282761879881448571416349121985191608320.000000
4.504505 735472030726088459570690294126149644827865458243026107630093200206263064114563916544635190734318584902907886420091423684161993965400521506430108224372867072.000000 -295827447234273016026969784055733811248332364933569937074584086790037147739987373632579144666530628335270014047300311579137928614245393663878615623332039491584.000000
4.804805 -177676930892579316642952424408293243421645927499674278063978246468069561646472333882970325323298584117941149821455143501210427478032011014254855910880960315392.000000 65248854765206585680959924292858128336988704250577558730419509793340672718108693690277187127656008250862924104069631179808830336743530486857922621552244490764288.000000
5.105105 39189236832515161918529921892666100376259715158212697324671944390136163042241914284176802987324526307586919962618371383406834743309268123977931606551822059175936.000000 -13078243029102354021652922574023419882594177719143901154914928337342688091048988150805453325028548076343614950403632699295446551666519259931363070313502799407611904.000000
5.405405 -7854978295010384378081605793701436413012204208439432956993696272698806440182450594375389273807405528826698781052133457173968261040309811060851871302331314158436352.000000 2364189380280065155109914100627370101674265712550372110684790280006112065040537919805494798374997673442614575453718127405827155316974254797302977231881619293733912576.000000
5.705706 1419972750966601301747265444443778743124060545241008902744375993105162026769293482492105786654339797310690070438525426664645994694036332879850064215630926102734569472.000000 -380293133159267478371827907634283117224479024995559517520078028692324595399201086706729994892250527869820105588276036896871053042555635830300319190979331549650959204352.000000
6.006006 -228412139158035242464111953924804348567764471428074137408242589143093081772007788014342021814677307165778335710527030315300123492104726031086154165794823899933399056384.000000 52977984842624602824483107491394233217337934351511594345742096562172903644401462020722615783118015508219254963642062604126746534660348723438823848488780870528104744878080.000000
6.306306 31820029487840821136228256635799000731705589430622116567790889921064117307687961915385838345229277962276115786247731133858206367317909589370515162149664880869420518342656.000000 -5981658274446306853420914015584451347292617909227909072166701826408750381623085660246080908989770862850170494881865683462645406668984292297724171375466473289690268452257792.000000
6.606607 -3592815964359161967674370556961406617424091069251898156775024739066426853151926329389701619493692298445673978434850901773308949547001009457529915947323724578781334580756480.000000 426703625737181159301035429058836192517129571811082929539225211362790404780519172139978465105710976598177848691207433709992126121688061317303079843405745973384009282809233408.000000
6.906907 256310273925692754353370642476622514481211400238550317126171089412765986043690949637993068646834186337002238750947851780944329031269661802300121788945117523645807846546735104.000000 21223460697016327533144256440628071711137019330948869379153433983391919158718478339588186604188414155975895533898610000415987231029340688450809434332276441615840327614699929600.000000
7.207207 12743230425486889194457604040027478886615076004888937580600449201394510471014739461321499550391171314703868872443699667966726704996012401388447769662468733517084110260094894080.000000 -15762650970083485625747527971545459420271044156882628088923685954283120144213131178093663061563861011375585372481438015240075923978132152351227603181818926571187855613999567601664.000000
7.507508 -9466801329415855483322550639566227601756009298341686653278305321388612139280353694070429012732938272033386864803953359128671163606648388128170287474511784394612973114084066066432.000000 3875540584342128036481397521635239970318036290065190965696379699361279619391471191584389868865802750037978458704129734444940153027509551489753411169393716229536448145923888142876672.000000
7.807808 2327664745838310377421184214284002825923481349878726758307114129716227550053339926390511671661683765508616393102993180427138322233641128811769184850097054023522309857876932439310336.000000 -717439039629037072797138523938260113483978009333403046793178204597850206648134711148172775534927684013409261340141955003745833922612809789169435421614941679070677694122416686271299584.000000
8.108108 -430903784896847139104567343801113250943357245319890008104395235523767162826539693051733845731302848429770408199733261834041097989951247011325191127100324708906408168867165583355936768.000000 113091041648900624147048265358024195413605837754496293655897350908063600358014472889804943126984987372790346709785267799435059321114009843016997415529691563968236392787307821066692329472.000000
8.408408 67924875201623095116118829003871902474499469914765828485384970218311652185729430409937355488098559675485838244890465553782649539566632901562120770078177558506649998399041239842157494272.000000 -15864144827737654061950191636444703374995821659945524965526319446992909725188738319053905596413376647925524373458092916890082336563124713937509574374692962779903318987770566844527161638912.000000
8.708709 -9528445815339043627450328909252412057495113503727273701780014070619843589436384724899901895935323468281510975664000383102637520893659547152476585170915534045550141220351209298278119112704.000000 2023238544524088465840798060532369710380873122721885572332247398501194127560579151541739975094526474591595964038037248423238750205548459181573001446247952684219463317216814755806806362030080.000000
9.009009 1215226209874654061175629603167751264826421447802868937774013857942756588580539986693609878209393827656868437148184143552030461606949881090974615157589127813752044737008480578675258085605376.000000 -237510148902713512300931124669861942668831507225217090628553877110441492353650963286160534869031723168585896461643542416400890305735142012416449718216169229562279905163204592321596371129860096.000000
9.309309 -142658266525523159312707282036639069956927281098428873135820542624352049419350691479399865961860770949699843365376266831532682162633472263640336758945907511658280366407996541851768879480569856.000000 25869941978971380561232535640247516636099208563550069029271998004951538665604891449204876060066419619163139709175425524935789202499732831494002609096997532734982279704247117099789893325656424448.000000
9.609610 15538717916282775971494123036323309094839060366879668497294068109325350359014111595514746649622183802571097043102860883360813101455225882027011392316157080826596457675922140144761321892568104960.000000 -2629268202682251349740722198621527172004347465106962713023122315750980481169061839186199991132653145488922533009902890681908993989269923073476887005342890706173600987732806361398325083763084623872.000000
9.909910 -1579282719937547338610785474108171480532129247575782791713971887616966945045996588760753941401689750660292912899455786843453926933432751006862051557345845217189909221346462061372802864032037994496.000000 250403171307624558976997002364596063575449956530046304732280155234124336299295012587325832455120514093343359803231249923833304376351130406921379786792568755860235443264815880329453064673813642346496.000000
10.210210 150407833797570651884908039724019253028418492589808383448546453743351019232095112861907835189924363431745780962095893944813862678277800290061667912626569415634163280893891531487149652590814558158848.000000 -22421404405164105350559498661788158132054647037971040165512533326061859866891808992102771343258738629324523538233585530123647691010480019354741585235780158369712223759255224064540256184894253325877248.000000
10.510511 -13467888234770451954897103881717280525159250264136729918786293401143708183281868787227053929500478158324942723676585121032104164793466740001771873116324069829737959512332658810112226662789105758240768.000000 1892764615390047005954982220394719210530859745486893963199138235022770306953558359057970002479466740197259338343498022955909570279997543991243830802009968168827358821215351266496229109115172661177090048.000000
10.810811 1136945972632624608157580162153388637434291527094566353551669463146568848168500215527059595902029319851912236028123080375138719743917228921072976864514050982937496587783771620383397594096786164007567360.000000 -150991076742622212192391481073426756420513207161362898680190188324925921361393217933164713739070287114304414019315727243649547159184919079225279435903079454929296257885273978333250191842792501381859115008.000000
11.111111 -90698799265185055791992505937194888951968485016697715324352292134081324709748462164329106651193607621524119255499272019555828515815841921442352584781884610645081669147770875761214687051678097503609159680.000000 11405210711461134253203813145099062172343030509330274971858350756479186056178805192208289403111059181695908076369698715735477134328618405255461669311990286542998344789390321251160955253065515037867202576384.000000
11.411411 6851113349252592904660533979110273951889710885540188219942846051804213627385521221505178279562049957114368252310781051920939807551690644441402748432881373769070428495527711354337279562858334546426771537920.000000 -817199599281687701789865438117641234031731968221397390015337527397594935705501640416372403977707663636287405849554970326053598469345275527106681660209188388162174752822344217344806327310036518621036693946368.000000
11.711712 -490901268938416943545240344902075016382637897127705165321205730955530646015489707028058078381234990715277160584332790510223295547547579908486705840257115732060611724166444270584196833821734692274281688072192.000000 55631724117725261336463027722908144735756468073860110129883833740402133831549165529568069337699493034670046184862400693237284689265971368569958321960156302386145737387623134847862420636442107732600493963214848.000000
12.012012 33419298030901964325063763707509005525181553258562623749501410816373211068845352031701030514131169803156081075666237953638049537451260261216822269695142654044866537647195334611609462934450361702636803802005504.000000 -3603464709459433965941617880575009049651540542488012462620838062695768706206379353874708192030558145196883554143830445141774600239433939851535356952718964797425641756264095315255633118229069396464633555783254016.000000
12.312312 -2164733970013343188087648178311898413646154110205207164476170490705883678243366487055816320272970590719383803800049998794120520748961446301151472205158961691690724915141741521557374006335206170401513106739036160.000000 222384137451592173846789218597193619371075799230659883072097954909537010345425102979094955778141220754816300767208076066703358672093447811066813289419830979265495971955227135835876875761035387904819014520360927232.000000
12.612613 133597465815503693895364100851228755206855706834758996905209778576453011191473846225177620959230987245809600478951249293468150650085936388739341584364397224455104608247100147255052223583101918508137960091496218624.000000 -13092199546293308465763965799979837775224861861386794950171913369265483883798035688178328465300340677870695890661295591379785637514289103142896048160181794800859724054098163183301795724399784263654458076597336408064.000000
12.912913 -7865347644656685193413324917479986783514194580778914997190776195468392273659510517813120120996292690008107840216845515188678990532988513800803241588872078844526939520992342670815654722717051167689360845787229061120.000000 736121978889765774512132616134078268207483795997831375584364980468350002857157456035997582100675069853489706829942694474369049178086651452792045645564077687128994056994292552574781407016070160543536999739332426203136.000000
13.213213 442248900102311450905311141703750497276045112564770927283554998801503505064053308329745265193488757522240123731390194370109776603484883982651244812071679073309514246423558895305731789401703158825761218389871077359616.000000 -39571909573096989854768873454324304502497707107178995086201826214412100348677344605825480770458027242483066901980614462811676474966593470059638208269061164812779073496083774310820094583023241525485852654350004836630528.000000
13.513514 -23774778004159367767248370808411666785880207229637684912440424318904821489493320355913628391740570823250998996422625101947598233283379036502059739448941496304230538204405998423512814882198037491521929890539859360088064.000000 2035956831644992732171374499553147932824167389091113116942917474273101603957359236337809967227176117998110723814472392763294412976914916033207731982116162726971406375962745408533496207392882066122181281104951287499194368.000000
13.813814 1223239144782980816385087758378894965888412551652961262469537107229060178333690603703526419647500686157403849132294691165152511875155417226542718336949991845794124004855082783752247034646446766934705071059521045784428544.000000 -100349337892933460132504204594445919772528781146845564346286907736528639853194365037703966062585644387836157061496150976465499581788387830458672741658267822182347411058253292285657040285664786795284976690093731899510882304.000000
14.114114 -60293647386372597240228325262399069918373181830156320447028199632188262150272774950923287282700250858986329080284247469848408568862707129187147503779994033701780277604603367511322275293930661164806155018132412431545139200.000000 4742674004482642348755234322147649559584672383158434973221085319430398054220499680705734970210937915675230937870874062946666572541075050343665259869193445456168022304735849224817658523958868357971598779826942248669312712704.000000
14.414414 2849676094689913457722368267026772438050631381777088830334368690490822901140477275019769585703443047839934401514807529556037357191854980896798933142560640145178474396471726808152074169893414859557123152635628744393028009984.000000 -215116540362545615759897640955302711523783022160022934835826233344573651375238769758018674834818638705003789132846096018780845725742215589489185497078016408072620089604054987576690394793173994395488749844478426081940400504832.000000
14.714715 -129259416988254614951085220840499710183313615894713646602256541114279505399311927380974681361695187218611863897554868144666598646029809304984070151929091495821783535202713725549284850506253265075410277308666220354332885254144.000000 9371894304740169906687692518318875058582037249474615045649533290630246260484990143942446934279008307332080780348002557744840008704764955255884134362577391575075615589246567419591405931006818513882263708066478737987308066177024.000000
15.015015 5631615024286983635656518245580979184387154257360383203936638095504328607329527164429040403860381987745219276472539992819739301445884163634814068694449581764308150424172908523297122648418616533952236898671394407467710146412544.000000 -392490488747363669388865000792945508277269072290730088664429961104059836384561274971111952560813662981262257491675703843746997787335456049715322839247306373608155926118752589847737907579953809606310426210772194428175641309347840.000000
15.315315 -235859282688678182136135033215826419497004429147423903997714839371074447323068515469204199715500829275226567298665831026967803731223621933753613481090462706000996588832795241412802057251461316000979637783932265304338469599838208.000000 15812821312066119498136360933383223974683483348325098378405994402826190757445423476202586486617824293714541659155486096994901699421201279366993440494321322764722876806632876254668662987449699052195979711233056315933667923995918336.000000
15.615616 9502821592241174508444942298501497782863603835743137986897616916673613051516627479070781862556291545914037196789549541343425454470983401846002066030309927939915062860382921697681633959606963063130426711748021436015166656457211904.000000 -613316504794710834567929533947424485247344887484641360247178266318436948640923886324747834242413458741922266276924453806084867366944170625535631657414770248291722059315373426852811025540571672441873074068437323821912988269026476032.000000
15.915916 -368594120420653160936671404438707621283597046544002953157054629112202499383560217453951460700209410571175227772895946352097613337052660854180247060247301808490104425753975706041468566071858255985757085771914283613304451274847027200.000000 22917058907422863238203724498742796574022351365222906340284504665915999443250513025837755604147212093554730283312483770999090318176858988054030428745391333138482545856829763053672247549577992740363348236858089461540123525456207020032.000000
16.216216 13773502165389757930007613019026881364582974526502307545801060161789024446064782443139940769681906665315431043164193756756223956848721238111382642594593298647705820251606617710651446356216587810040968635718957186969882907516478685184.000000 -825513327253057700405750617812313412674410788015406378973434323998408391796922053969980184101642061726545498346949738403275355117960225406513974024837107126504073517951114317821814509438671644255622104945204454797355350499834785169408.000000
16.516517 -496172394272407278259707636374891368528023854021705828970697347671784967794218209838232761906748819361850428507609236224881296293018126002191064967842805083303287613696795912793796769418926682143919599234713825542339803218848518242304.000000 28685422399750097878034884900568281220437847483759991361106713823179618804872672192443579601961462896940880619698141942451150335069446905151730583225741490160791716128749771925952753252077044331822835788133042629019050720623991996809216.000000
16.816817 17242255423937221048981167216876782579944826460414218198791773657778704569138658503725835254295868765755725581312407083527972543547055233515347122765332466457604089017329608192624194328264639907319646588315242077796961631846687402098688.000000 -962145966218589208329908709076291506006057158599055961214019640700471513177010445448707527086107884394031847682086900600473489502613773085590662434962555474172205947007454560835690479669037036389656365549531532604406766610691037488742400.000000
17.117117 -578361617570602269665206833218599071098725198222389168196216010834112769723546878060368551520315402530500507066903794270823769346916505970150787741377108128354455297133507235953101712933455490557252584052319398353217009372682953594765312.000000 31169087116935314081828293979267678900864367414273910688452733247239484630527055779664511519110333016497680481127638398131747853093398378301640541689973349616203555562852718611144460081938808511257392639348537661564843332728642768715382784.000000
17.417417 18737414698027729480153990294385800014655790193648034372588080346561537984800784908023983728433807762466482334321656320838424665749506960613384462053725989999545711695475875599788449503769862161982823309476968163682122290922798323616186368.000000 -975803277729410317602177890173387222706798742688382506094212603381244707978853807875925359434418190575557936514914787193614413590543506432662678915647446983376040619397723710909832851109599494963242683249504473354962619392391794159398158336.000000
17.717718 -586646396289889071241418650663364212785661571338434047959093489855272251162359414260920968892125561769406804359370381756093908830195308656902849725457220685286386360777457015413444978416728085420469731987058176648191432947857584494039007232.000000 29539185972100262394700900109440764876094839887317862276270409403738547556454544002215418384263963867819170518303124608620856186839688791203897432754583304097859950151631810048691655818726909196820093315830280555621513874468540474770839306240.000000
18.018018 17759990250794282868092101919449268301938693482103136124320792833653525704868459984363261799396056926522923902810399213577644324329436333382453222351982584242319850087370629347856743156389169455591279539252717180358504737210103369496329715712.000000 -865102599454669647859685112621695129166407121688606218285223885366590179269617850634650323629755953898142830556593623543635894030510761510232861542481270064074043032878740494769131716229486544810081136043216509768617043599201538802060143624192.000000
18.318318 -520167787209905306244210127875466173907366324101493637080617383822424958507994282043891963160423160463294119700394369242051322717722702023466316907024164459371957134040179026634137166951217681298497704895127264571454692187915377228969175678976.000000 24524296490621667331902978173055992779920105057770960236372526796799741761876007170572965545438195981295117393139309154797748559106486388758812784077359747592620286907113428846399344671711315004684060315202189287525783460738763929807978766532608.000000
18.618619 14747067191825368867458140270083389613526845543238786792792888003929390418422557171087372210823075555882264332155320856564367787576377278289124101482616495905522476810373911757032499513317185197520277542688427165771271052328163572185542432915456.000000 -673294341318585122336256008160019022515748591378090280773127267842948261394025016674585242132198345893373253994260841273670286192475844395843525628631198130715250196191239609023620283935894317448889872686119367916799264971781416147752308726300672.000000
18.918919 -404901153564137917471426593136780781458798441092639478372208677320206324033649282931141222695545893504567206489309454254262955178417056479228874003949716940087296619761192105530974073937770241171504176541372436131277722904838467404791608703451136.000000 17910406127291493387570388143625197543594322816528560069788755631627280509206022503440303923615713104963350425356660715171928078614964665870092824134841311122354160697679321064344114346341052733778871058783295335422571792107194712336535473656692736.000000
19.219219 10771747744243773828924676624264747025591007125578161108046664005673026964246870913028013001833973236879114770025560908449178324845155200057153458013023683389956541466470211267318718734236252186763697011018234737550011458806137143857824698296434688.000000 -461853117113061848651629622300795264711941230907182308099372725274294159625882004189459100733482419058813862494849911838777796578767088466941818913429286017455105174470341778877246853159031436386650213157965180941697529755763856216522201859383885824.000000
19.519520 -277794160680928612444915282198419063824690818756493062157357234495691072762764035544456290106236405768492429166913847572775869495392341767006231320249760653299485040557830082043890792787645947187796164998735736952091457120622331685172202547926007808.000000 11550474940976549738638894751056968248684578525029768442907336371974576922208078394547697311345798184631231616514115174557337234607990493986264719563943096988948206539116282083685918113254977378928551622735214170828864858025629861727856570033128865792.000000
19.819820 6947993934516945835246941259248137018680024771453470799234616682962043655543496026358573049663481675562996875079415667259205881338725678143448171266246358261639443558119201971562816357188011889496530823547343717372542850383308234749931046416655843328.000000 -280276564446938931308091815058921287017543189920156097117254351268363076101447150421218216186905897801132129163055141794528422847957763456782635092385170679087154465628898834398782417878083336249898440406278936395106111197730550471021761413210823458816.000000
20.120120 -168612067101785386408067269617741827205075532588067697387387524476620200702563110595979741175549676311830964482841561925345993792540359466229587224006682931121080709713285337155886447247227944173380695486196572560065735993150427209043023000496483860480.000000 6601647982199416920810903565710580290477335907957490352553460080386524339234213582954329437103730137923771911378343813789745514417565329618266662613598703842311029399343548888110409502510111727739996134257496717745720095152409804893805537369749943484416.000000
20.420420 3971901736997230096399614974272179595514450253641353738387973810233372243280913773016714816568724191689361742752347676137257321943779626905977587838343030592875295418171867424409459444736820111461631527487454727724208196165242998593252267499317729689600.000000 -151000600859230898958647722943679365513579883463615633398598898241003485481578984343824374173422065748075391976277394614793447067822797392828908552127551196907494935234163194973251349363368852466699969811310222615972069948547104782834223460315366697205760.000000
20.720721 -90859663634207417995383047207723584622247487931977697604978063999827967912308548610404315956917439650761259958542356161265376726939340026191020545649355538369642362477770923477153279032767853915680506458400067713384480171295557982902758242572287556452352.000000 3355386159797590644688910607388949040951263652839406572683567155512937818485337112628562792684419085134131724353084016360716509486525266452711226064929665887182733898652066914148685983387192959328364600364896293899183665889883444761843854292201059567796224.000000
21.021021 2019218844558373061810596492449671987744663942530168559994049974054322543915390718063304518931428959940428048732478633802047267775994828686739796112740322361353463945492467703522741404085475726996286597455392573243407127296003938976038389951214743464181760.000000 -72462874410842377780385525863192299437129771924822964344601477741851683858773162873118705721792562547213188649414688772992944308144257076870665190689510423269897361571252763890222713972752987085466904260550005649737248123638293425562406861882910547646611456.000000
21.321321 -43612105556032036629555157331504531779622518216609914886643408387503859359086592239845368592383292594470085925987013338026949730763669921102352670717419366824493311134632213808132711076472945089929708633464695583478130631214316990054335804264809935870623744.000000 1521474347220140847007769808591120330145001264277156263183803615789043133253979665467735654039313680897327847893910080821138748043681515685716163525411975733449874670906463117960841359787837187478557244633227910798881345601580685806186084886399346329587286016.000000
21.621622 915817625583381769552328702421297595314019407919801371975585877497118785595512916593072833966890498574298868494500403272775261128429047114040797215738770611959352979509135898608077149376673425937883917966710087020396862156145238929878250388739451554157821952.000000 -31070759569316937889647437728338588444216143867865232563191485727483559572820282512063377681042741436120231857328965288565672288566205944691336544699492176055149530141591519957373592204063414522507461695393702879966892294210089411562516751759267213787099299840.000000
21.921922 -18704728964004645263164448898353083266205638957766956338215036307283885063308791464090663055799004407198829451554874560024513638440818208998103691877899461609256176906228033512419061057055298092287944268678662585831960052317446583375102274870418912912760373248.000000 617354900613888307744127498360102614331613116198926952560476883403617956126697741837211826868431203465094323452076530759780708647366068231483726063311937383777855152640104675444451370090704520402868485914327301085688092226012255237460430907664595630537914187776.000000
22.222222 371699541718008783089825057770693553861296737634914602307119903457559136029970948918196937580835297324629111590916805965749462637961498232221583489678074880443800629762415309886974935909528386332346886857822394760254419340560821641645172850263780839867302281216.000000 -11938974880465756545756280205283423390466514169762710797530790479075244611654330820512444390745996050457029907487386400279818586166508492428102907236225708856842708578402758449531720010657704107773955143404216125213604665523620204236390750139746436263022012923904.000000
22.522523 -7189260212727222278015614043832503107244557511673533206099253319475062595795635885040420474980575996128520335139688543527299216002151381296030762101414655097693368112127802505197279401938283181351230573242435621884721916782964984800986116932012316649707215519744.000000 224800590936822660983865685963291213076086281782837871089392697573860746145231447714061599074102331667625508654835334561321995204843036397918038436753056274484450070197164005369967126608626198392057378310325520568467332608477554831407746479254888515532837670092800.000000
22.822823 135387069473743614287288776483181478631863892887446508663823070431935785689918141366061982212887386286324354271394021728910501201405010822453958394376956629012989284222158129063928186102738562314853647316974951778300365292461647041532128069658781189335338448846848.000000 -4122600945117761763399023545278726429913046011721402734114602526419465128369384938824485284336891611495133816379637133279576463177159545838069913532955384948001469431198506563990018978199504106881069625566079196563495794026285379069012115569175005406637704528003072.000000
23.123123 -2483225863887058317156485146288099821216180564248203061397453178223393743574383970968448410131801499787164277618761924122945462614735774055640158808498265959011943234827701000196294450848155635215954748224362687430066899935859472991717163858162609280074642752536576.000000 73659694249725483329640903788925094374983086403121299246465693051942799061035636183618214338500761455715436629242133830852337315198368684486688880444297018106520938123913181110532094370547646891774494349789430770956883568021193810047742560697094760131964334608744448.000000
23.423423 44375443675915477043950709377730421850974849255415006255978540129155907026022138880526743044770938143363061681706469367705013246347441398916278842909052942738142089929308273784208587132680220349636181945212065714671021136940944711022622221362034883856653701120786432.000000 -1282658104012749741423353105972869478321014511379907366658964245290329917027814444930403010580642662510070311457362858465929531897509508515260396120827805099744981711542590752163012025141569523343359795861585766145612009163198280781354926668869987932697791348791574528.000000
23.723724 -772848453499172198414534049283642048158526317130485476635278428660231364583119023362026361309821308977335464355058595907102378395718789934868508233336001002646560361804656335181241994697828269207614213049608187606912275009970240408858665728321511887983244736026640384.000000 21774507678622048885677693805681864978430461961498702408930000536524125306602741188539776721260025136408165021286573144627574925103982245268577090545310127763029190215368542830096489917214215481735194546837844798840422156058353787948561485638223741623536618640913727488.000000
24.024024 13122157833238707782598842314748986832777246885058826860305711468669729900669795510199812964010016225038039196441888407871471939020549713444490975243533159066154765693668471435450264011399483556069527411037787259981072248266549274658528069177232437426241628593119559680.000000 -360473074191064001168979427904510346738520539301581007122298822142143834843787353167317830992810426227192433568297890290812054084672838668202345383528818997262055074661023112485875365743094909924312744246097184233130692451861651024027427454136210627072677563886643183616.000000
24.324324 -217273193312997069779786028254943188121936397037465063075288388558508755118495852835047684376812188822950127864453195471513939584836364582965837450872935778216881174463647723818125956243686398376158228952576371613372331592954533284554696545335054800399172548904936800256.000000 5821188506806976644314412483759686543827915621838289872677948065468801118037066465798861060075660265328200257989413448510883686813526417091652162288541140443435332636384576855595613345107596530666594304657261969896716397778139928514212689452653957982997676054375840088064.000000
24.624625 3509331471230822489505330647945231487965660730734557526197737786483852868496578007085322068624985968543177067514646408379004776855385675269913948094055870767857194851857185501564390368133098411250896634105851169305932599351743662324846125622900450718827022444252360605696.000000 -91725257101790181198926832746539521106733271992321682648324937588227531652490877048807411696635027253817049570289165435271597890273536542915616034854128991575246095537208072487166072936975815662011942430433838703921941288581888596064334626444316701795562646155104719208448.000000
24.924925 -55307517698892687322718816078683137386466056638178839755715864221029038516319708082536577091117804825712629869957034391802332515269355928612565075261683807459414434283326567962360513067938418969838815878581743279564520644647671585931223199480079717604981070641357685522432.000000 1410670738085981958902332906593563717747733549310500385173857757955459783303840105056967243380134753017730207482851319894722354400567727209324912309057457880872143189699288106491740266303495519252595123876795454063826485948823671106042278186352437379624505700518420604256256.000000
25.225225 850759024015364087062484193121589376207365714140745322140160384114458923392317428933590064659511651387799603898178741629755367382907403482924938846063912054632459219332872318679280416382615482033854684832939899634575758950013098543279792548210793000846835887856619354062848.000000 -21180677219071913222801943660236404710653507461657859007071855312309241527463793455363281072993899802770939153174683596436835534993557363103870381147394229413980800152909947189722829862734524532979661134980288709764396396926933823210777617961567397383843949744788333085589504.000000
25.525526 -12776434976600941411212698912469798728384519458035526902926492122787664723216309299789232548746825263891180360690316854907915314484457441172107121164877590420340037525446596553682195323916138689780088941675549888435870249379854339425225032368928860758147609172093094118555648.000000 310560790978093377342280017230918854930294662757102144819754350582841871860527793486906315955159418415995631641343603085747089379689749342886095258684503358339296363889312179015906633616433868599999164395055240399722396710217245247877602739118226727921770220144072294100107264.000000
25.825826 187373756608455836912650854546479344670990303426984087031988074581184958266991066437116185087232140512120691514364684355869954760560124069095769022459686243410901785432012608006102033600559407979989594817380514190348139655395923375998556661374769593498880005704227721198960640.000000 -4447934161501191740634417942598456502534442211355597050432815266512425061117501625255915901540199452485730262482045371737278918886689477497579369644982721654628207002022026156826430180839665707492842550197628864724368785523129113649755523399656121814928734763144730219779194880.000000
26.126126 -2684208363806145275168908210544425343529180840820855789960946016771790093562050651813858550982168223771861061184560292631033978825728413899911410106908142648129502811527410157470603306182385052452500945037792066934424775861455977146805974438983039243384828731658330720966803456.000000 62242161893381256999969047279005874645599338741063057312994907269708271324476077928798107565197503539769442375176470610280319742718947867310252599998966790125621612126702068579101955204125944225399436690534366559913411074400163628815233919876687367774221472452770201061149376512.000000
26.426426 37570053572453055968596425277183667171089557009508679302549800064226739694536239091159724335263441399871892180027647054446889644344643827966781991811801147484400278052219566900965119481043623909811952156761421434028145558635129779162716977025526099469338891482182969225937682432.000000 -851201970338373340290555371704333514975910109887044772177159000382097238386941248094901443580589622344686972619088516526520725420312577414625948003603467798094991175648548749563427914519360307977397430686055187947174314373484503295611628794406249878639385990018979137384999813120.000000
26.726727 -513916622981447797190073243864040354366546924836614901720914824569979104714417484045768978155638466928301824926740618786261197385369426388508204096852183800397512478148209546064933667118213318212675467109731641239213444038777446977685461514574450394442771789165891670459553939456.000000 11379068702472094093789660626448823177259150192224127566917278975105480287688199106073128605676548922766553177676696838847080465960519693949283594017103637068363683930300468188816335755605494914716937202277383393897722365016289656530374244003299599250273878116813984383424983465984.000000
27.027027 6871845550552689853307046294403705374026359394296307870571777279715713499265885895513820245111505392426659920954934452940214945053199932931464019982262059595191503430467910753905373140347780876054106319974970016930879383177151326195032054390527818172266869204422849324324227121152.000000 -148733582002441671755553074692174998740173785715892224540849237115354788974326652040562026408252604546866136598309640459737334035119390300435444593717290847922847516470528121105043775657844121407653642993378813211980165456146991701417335944082495716561308224395085360069823078334464.000000
27.327327 -89843395303126609317449007553956857367171798674296784357223734273825214831545842929840792920538595783266909077431619043126031266119265564276688923542573858902253878470654753835915780562220600901644329978143316987121437580402912718846720420753352506554066425862251928150750561042432.000000 1901250216978987470476596628062717938728510945840639904845143075731959883213562856262627269181560970206091506930714599029395027652720413468732182956663594122690261103259009996898908285796601251799167578309284077019800674540034489555743914356147463605333719077200305389694474707271680.000000
27.627628 1148763867760154817264769580723201914943572540595438936917624430570427579758726872105954006913409263028564548048496346216685808887731464492207251155629686802898557768243089228412425167676594763007722871235173697488498096875203771639145965413951236290736313858231598431990258092474368.000000 -23773594265158759816234076868955069819882640653587679260247759617523945846266251951622545211657421381154879825512616904619615962214750997952403622681107603693960992962472616774611992395822844028449311812096316903129589977813237546171253124660371540428910501094532322774266992239050752.000000
27.927928 -14368278389392472152213695857847998980465359023044464583366136610083394448853221772991940175007231888883835238941035563219626811259301889521785484954679925365881400979351710104056417984328816109188666305001254888664774631682096632161805098080103094066391992987508036598951452524675072.000000 290851248741341356595573640560868640032370449788612261127782149090527583407873019389001529568136636830150767973299455924286041453840378708653240274887607353079555630563713330185062346360431909555373081406925710841525976600311696207895072213556433586699767675196546966278890329001164800.000000
28.228228 175834198547244454181379524807926131144158874437635319764635124878044263225428659537542945299644676204072412698592927042342433355522213004447699717609838254198771869252623242721313844954371276162183679989353792767095288442598683168647946854584664985278939558943357987385929335876616192.000000 -3482254959619958967368790744172450565884805537924165564216645258010176344799577170163019824448863926770844187559589241061281750107239478232619936138848386763227656211072537376304106534231714344206561373224588705696768689812336427931100929642463699362982872242644599507068251588377182208.000000
28.528529 -2105812698581559768430460675936221141099623801946184241838280475704039019786012037264413868818006368017412267363353807569973419854446674278111276718379123811250194542790138322218750846206354975016307700167560667474864586759854244530110689715692398352630480444317557288379339927845863424.000000 40808880849975058235616963828327545028741482887346474912205758439561138089683922864314977702798393096725297610732281625395609640841155322243853995912098249257905663875534583250487063429458963003605940136881347349546454079995677933167045843119409418797581899382855075607660315445655764992.000000
28.828829 24685672546880610806652951252238828222573913148534373991598542478405243325382357655087799342026907578606238026039071408327640496191339412464221406529772859619985038483694507215490429370087127508322014953082220078972673306611803164523117959497045809358617095201323844571002851461561319424.000000 -468211635030950747842693840431623255017276337252291749355385445218868569167332786114283930760126773884673880731371401365976948663400078990915592782344219045822518615600750040263656768403879547761284096322601706913511776733252753448665645564196288927666497710732546024411798829098317381632.000000
29.129129 -283314001906359783538351242259647880000156399235527249634495771739263977372269146506280514184716947553254579036821840910158511899199581139236545801043424741395497250261348581222706736217855827232945853575735822359662693548115850058536220933676711795226370193520659866599083858846833180672.000000 5260294505591691137958298357201818058095210784098767080518085422050242629080925422498860400959270197287694123725940315833760326270723625013963354080038077942182865420902838101316728435676904366933010841965495213649196401090990723936603464887122908111695538237356894495363333574562364260352.000000
29.429429 3184021711941289273996595901205778543676068069597886331525889265726826488563153588346589955931646158612242712059416358262901643247309954845951613172013142045935110538983966047762026697034396708054857270452371285166862626929042279078307694685054365011441375129519602102190900291991542693888.000000 -57881968210088426818754474199580960892563181834951568660481718254953136858835295953930947653070700231487525537163530873393379413921864996279171498865671924226055466071237590680518947938668147315768437642291372622812059316628267346999433386854848981711315391507895856838015812056262390054912.000000
29.729730 -35047258872830341104746934575108596422762956746439001759859784045879226034608377826268913910293585820293182464816236512438540596800308462900506819229662519374055323095576166622085033191202225120467559711395801419287661245292128287667753300610434059148696913815746452674770969701869003210752.000000 623914488764479197525942366054922525197574012774401172876122127539158129820789115702250750694512067476760988712790593511727145916275948852934921528966154792636066163711373938358922637043828548228151346695267298812027301555282449807819534659422214113605221738248159432758699313305490378719232.000000
30.030030 377907438387304190035539490241762400873653258546100153817400948997900444445969983548568627969416890089084244176842499600823467476734285916765558835057210862917622939305327205031861315692054479038086907177145204230822986132379230019820265999410055962373675506516848375378968510458237496066048.000000 -6589261993797156244349091070098399556549541369255518016046477507163569899294520343044595535851116563675246225375179123696676220890282507899270139211921095849229828901667885418429487225104803862426893207818966874417266513523333475458690255732363224582758051088162750802571716535001955696640000.000000
30.330330 -3992561969862113227653886683319791884791177071682169080369172951363754009131863979969858324964905823923047599654469186488728138518189191607146400658279992963559740608277203551538065631838097514542514510995483082687365384128473584933563006010225165496687277700573594990017172485006018962522112.000000 68195862604668065761022146823228891238377135804547974274029084262098925936947695925630025758721417430730333251705230621194822555196495521498399193845621883366909908185208446337876570596773909553016028934910084793251112771189904238793598676494942279657713265964406055461811842210759924609187840.000000
30.630631 41336383477226982275054640204867783104181911705172692887100284898914533710951487751017498595253448180171187691412759347058549012007751522213539697061874553348587642540985819952763410093997091857412343831682558197053813034054926978462216434314081892761354049759402603909064294692478386570264576.000000 -691777998691496967830730216299328739818581200977129435428987818732292755576521972177875029966016928840327807666184936460081655747741508136269265107282782663760357755682613821696557112728365090613817477919800187540192973337027796381326653274099036215222198506204268156343829812452342468297359360.000000
30.930931 -419474843466256675519143011037304765088699603555000870820836671796376021916454622480580675045432052150498113557256211703609987001051897837322334310701096387888107546695689127302517522893373728238812944684108945312176296785720568893543954073209521568187792679822867709733631617637342165224914944.000000 6879219968307125693941820506987034773256376207199499225018680176345971154536103870667316097447217835547538818597903573054135203651587203085383306572363773945872159399975869616809557662366992880951101793966626714971429202320469555584509500153970070476762502955433904418150178860969588290385608704.000000
31.231231 4173000028106130943797094440974393993089553091402839290123069907024770455698567380658538616363409150306552431807949176258887410321418614172177520215268617544558892078278448880085029190766807239076779309661069374026454271259423740549240207332173340771025371063631283658752629827803945130742775808.000000 -67073355865265941844904819276591568821163967741241820853228862263328864139053398240454187578383298704181253438978081878980992052964715622044384856446934171259669571031081513298398586830339757524082717792061806718731008351848208565410969671867134382635028032496078393770760232267813486866072600576.000000
31.531532 -40703772660442801360739688833150700151869418482666669197494110349902060933548521377540494868942014145230036581154249715110508506107522650950907420888449071564930160465092469044609036930742303033063551864316827268409965807206814027703504815877309241276148861552418490534360985830470655061293793280.000000 641316410962565130087436782180285834353650110308703720870404743880393866975213213880217158858618979009406960842026006359341030607769391708613389006390821597266956682325763412842685321305337784045535878147450654111045546531174296106514797160304160094843360230966026562245743440441899629008927064064.000000
31.831832 389348021627244351230988288115913002182389932307989433693989191209535474337298980666031738382896541319572998957653132429574511929591003597731935577248891792568720389410600819179569252739370470815292409094962770251844553685871045088848660965721559372655378652554656632232856298165248632072049786880.000000 -6014197916013339093996204412470067236679000622600605970811915264780420491640419925679218277811036808781182700525483923927145378502676173512254286320870310162228119885465495752910103117527695327563519032568281223753718575000397297959338176491889762712438278785692021616738253593422729746797006159872.000000
32.132132 -3652834653148935043165141987276175029869216342702222908508889807738421427289080494623791143223337867108221780356200365525883906631712993011950355225827386040389783440315065134030248327092754594276442545086320056483231560855458368632779351431054106896145284537454597722891145459037384558402974253056.000000 55326883361149000515878518580348828472607391044655190748241939463013938447617867519575341622849034894595340535269372055115868714716380955839717255965253295235643684782362408586301893499366314865296296375944401528340715086426488796964772891899444886625385900393549493420878900065279223421064877965312.000000
32.432432 33618707397692709772868004193788872128106532099832293929385227834486691432978679064322664939896972097051013724795465644321505740196719573664206312125648918662476127355039170191703536467164417121941458595491907486924903369586077936178056232208478684558402576059891971643491597503349281180128066404352.000000 -499363120509355820214464147653295432110707678072599375725384887650782946095277042773946836090840519738846428777387843705699476505852965286646739242366153915035380499176434868883225862389873152604963110645598977882556364190432000539561699574117053677926569163174910970632574537016941181228287747162112.000000
32.732733 -303570624748858176707600223549617839726145347035881572906780644508586470821286064427099151971091059797495219280175399250231709464567188397038443791818270007269615504171599769582048248995999613770420125973452083859047259503814198505832647419990026471708225578770252165350750023519336254928158847926272.000000 4422682121221027023752662883562194972077374459687800493015742301712832968345770006191979481066543598626844761264868968626755172658929128993393407478531165265272458188524668583296101851729782417403610476554771294742674769124851092813447366537578319634339721677283705670496656555422478456847673719783424.000000
33.033033 2689884245668580036034335144625565348566969596119788742770678184423092233625211571249966980278636449758422911768184321198923254770898773906938685301176323369134077100448817070671166318021376720501332766768183236326792617785394855997876042035097046978718554687034737005586030863189123157108030139531264.000000 -38442343243898527691553108795401569693665222053414362065989383869394392447251774335566652974078649307354762293728200667775549423594666728994167880742975045391942015464160749808736413544728723441196205669630487066194263982892349687449185070350037500505979685378448758823607161102074234508496257104740352.000000
33.333333 -23392065065528754673303067305806930917592471486178383226845028702650904528148353436462618400491767694732233396595251278661730592697425177604462108077578623160374394515182674337206386580701526963259335505033684630841952576627392002648961024656141824694151418068351224053357903911747019112466391989485568.000000 327984540711354066417675169451844964124003075587491251623946103877122519551113901304575096482686601902759449178217616672013206823504430373670998561221258492467986398335027629562216968762106185340732387213381296663703219587540176830295398262363011232786443757680075913401230787838975649145019158467969024.000000
33.633634 199677596384619965236930912026379515713677082570032018710399566985010718959074487782392604487612822181434681125711764671117625420920544816186929051881065984012262213892298895608930748285281195334556294384901158896029675089686329131345110882299980119946782533763162448661896958519132800517510636196855808.000000 -2747131954563975797805508742224834964900419153468297345331167960630736369280653469009210502791452124785448074616794542302536262643449727960479116796224184980300644599003082193843295227352149203921075690983120519527212996244804179701111565458598228996218715536631116974398042998287446394145933866582409216.000000
33.933934 -1673321166905754332468969173582054685663447375815783398293404750397262414966182612974311263593941978505008812780144070679325969467374275566099588685679422668323830677533355861641636668242801726235891897325107020722150318505265268497690758472644126077234021289450288554947484973458456697703540424538324992.000000 22591769741001879368657331086986723897499405851006138904606689392253312389794374687866805234868383761068402595235356640049361839917134947260526937687246594858566712201318255794905430302340341850609483688139558112961143610429040855039861514042838146358845732229743177488294183598626496228720976532833566720.000000
34.234234 13768308071460824959950100913651178381702065928178622352811090536808192603224873734939762067083018333101052349349942624795076299918044256256844836220906543899559626147105564724052899608956001263712997076655151549866562629919469367016010410849849641560094281638039002795110911992451242277007095509488238592.000000 -182442618163557134561384698959472209685308794859988648141827782891595503635778429771993333038533923925463012786076940404605030380804372233804736324396553722120660697809141021638534237419747582082200658120792625614989303969384331661342722268344291468116522944478916896249754417091313680763384785287612727296.000000
34.534535 -111248467211084211109543529345093369855640912763771326363766168654997141797789884866400366478441921717751577184868665367464300725949361414370604861083930179835502140290102260124628648971312749297355033526630747415126863217484911525225826644802788754872899851033224133343710541952962346042131656538662633472.000000 inf
34.834835 inf -inf
35.135135 -inf -nan
35.435435 -nan -nan
35.735736 -nan -nan
36.036036 -nan -nan
36.336336 -nan -nan
36.636637 -nan -nan
36.936937 -nan -nan
37.237237 -nan -nan
37.537538 -nan -nan
37.837838 -nan -nan
38.138138 -nan -nan
38.438438 -nan -nan
38.738739 -nan -nan
39.039039 -nan -nan
39.339339 -nan -nan
39.639640 -nan -nan
39.939940 -nan -nan
40.240240 -nan -nan
40.540541 -nan -nan
40.840841 -nan -nan
41.141141 -nan -nan
41.441441 -nan -nan
41.741742 -nan -nan
42.042042 -nan -nan
42.342342 -nan -nan
42.642643 -nan -nan
42.942943 -nan -nan
43.243243 -nan -nan
43.543544 -nan -nan
43.843844 -nan -nan
44.144144 -nan -nan
44.444444 -nan -nan
44.744745 -nan -nan
45.045045 -nan -nan
45.345345 -nan -nan
45.645646 -nan -nan
45.945946 -nan -nan
46.246246 -nan -nan
46.546547 -nan -nan
46.846847 -nan -nan
47.147147 -nan -nan
47.447447 -nan -nan
47.747748 -nan -nan
48.048048 -nan -nan
48.348348 -nan -nan
48.648649 -nan -nan
48.948949 -nan -nan
49.249249 -nan -nan
49.549550 -nan -nan
49.849850 -nan -nan
50.150150 -nan -nan
50.450450 -nan -nan
50.750751 -nan -nan
51.051051 -nan -nan
51.351351 -nan -nan
51.651652 -nan -nan
51.951952 -nan -nan
52.252252 -nan -nan
52.552553 -nan -nan
52.852853 -nan -nan
53.153153 -nan -nan
53.453453 -nan -nan
53.753754 -nan -nan
54.054054 -nan -nan
54.354354 -nan -nan
54.654655 -nan -nan
54.954955 -nan -nan
55.255255 -nan -nan
55.555556 -nan -nan
55.855856 -nan -nan
56.156156 -nan -nan
56.456456 -nan -nan
56.756757 -nan -nan
57.057057 -nan -nan
57.357357 -nan -nan
57.657658 -nan -nan
57.957958 -nan -nan
58.258258 -nan -nan
58.558559 -nan -nan
58.858859 -nan -nan
59.159159 -nan -nan
59.459459 -nan -nan
59.759760 -nan -nan
60.060060 -nan -nan
60.360360 -nan -nan
60.660661 -nan -nan
60.960961 -nan -nan
61.261261 -nan -nan
61.561562 -nan -nan
61.861862 -nan -nan
62.162162 -nan -nan
62.462462 -nan -nan
62.762763 -nan -nan
63.063063 -nan -nan
63.363363 -nan -nan
63.663664 -nan -nan
63.963964 -nan -nan
64.264264 -nan -nan
64.564565 -nan -nan
64.864865 -nan -nan
65.165165 -nan -nan
65.465465 -nan -nan
65.765766 -nan -nan
66.066066 -nan -nan
66.366366 -nan -nan
66.666667 -nan -nan
66.966967 -nan -nan
67.267267 -nan -nan
67.567568 -nan -nan
67.867868 -nan -nan
68.168168 -nan -nan
68.468468 -nan -nan
68.768769 -nan -nan
69.069069 -nan -nan
69.369369 -nan -nan
69.669670 -nan -nan
69.969970 -nan -nan
70.270270 -nan -nan
70.570571 -nan -nan
70.870871 -nan -nan
71.171171 -nan -nan
71.471471 -nan -nan
71.771772 -nan -nan
72.072072 -nan -nan
72.372372 -nan -nan
72.672673 -nan -nan
72.972973 -nan -nan
73.273273 -nan -nan
73.573574 -nan -nan
73.873874 -nan -nan
74.174174 -nan -nan
74.474474 -nan -nan
74.774775 0.000000 -nan
75.075075 0.000000 0.000000
75.375375 0.000000 0.000000
75.675676 0.000000 0.000000
75.975976 0.000000 0.000000
76.276276 0.000000 0.000000
76.576577 0.000000 0.000000
76.876877 0.000000 0.000000
77.177177 0.000000 0.000000
77.477477 0.000000 0.000000
77.777778 0.000000 0.000000
78.078078 0.000000 0.000000
78.378378 0.000000 0.000000
78.678679 0.000000 0.000000
78.978979 0.000000 0.000000
79.279279 0.000000 0.000000
79.579580 0.000000 0.000000
79.879880 0.000000 0.000000
80.180180 0.000000 0.000000
80.480480 0.000000 0.000000
80.780781 0.000000 0.000000
81.081081 0.000000 0.000000
81.381381 0.000000 0.000000
81.681682 0.000000 0.000000
81.981982 0.000000 0.000000
82.282282 0.000000 0.000000
82.582583 0.000000 0.000000
82.882883 0.000000 0.000000
83.183183 0.000000 0.000000
83.483483 0.000000 0.000000
83.783784 0.000000 0.000000
84.084084 0.000000 0.000000
84.384384 0.000000 0.000000
84.684685 0.000000 0.000000
84.984985 0.000000 0.000000
85.285285 0.000000 0.000000
85.585586 0.000000 0.000000
85.885886 0.000000 0.000000
86.186186 0.000000 0.000000
86.486486 0.000000 0.000000
86.786787 0.000000 0.000000
87.087087 0.000000 0.000000
87.387387 0.000000 0.000000
87.687688 0.000000 0.000000
87.987988 0.000000 0.000000
88.288288 0.000000 0.000000
88.588589 0.000000 0.000000
88.888889 0.000000 0.000000
89.189189 0.000000 0.000000
89.489489 0.000000 0.000000
89.789790 0.000000 0.000000
90.090090 0.000000 0.000000
90.390390 0.000000 0.000000
90.690691 0.000000 0.000000
90.990991 0.000000 0.000000
91.291291 0.000000 0.000000
91.591592 0.000000 0.000000
91.891892 0.000000 0.000000
92.192192 0.000000 0.000000
92.492492 0.000000 0.000000
92.792793 0.000000 0.000000
93.093093 0.000000 0.000000
93.393393 0.000000 0.000000
93.693694 0.000000 0.000000
93.993994 0.000000 0.000000
94.294294 0.000000 0.000000
94.594595 0.000000 0.000000
94.894895 0.000000 0.000000
95.195195 0.000000 0.000000
95.495495 0.000000 0.000000
95.795796 0.000000 0.000000
96.096096 0.000000 0.000000
96.396396 0.000000 0.000000
96.696697 0.000000 0.000000
96.996997 0.000000 0.000000
97.297297 0.000000 0.000000
97.597598 0.000000 0.000000
97.897898 0.000000 0.000000
98.198198 0.000000 0.000000
98.498498 0.000000 0.000000
98.798799 0.000000 0.000000
99.099099 0.000000 0.000000
99.399399 0.000000 0.000000
99.699700 0.000000 0.000000
100.000000 0.000000 0.000000
100.300300 0.000000 0.000000
100.600601 0.000000 0.000000
100.900901 0.000000 0.000000
101.201201 0.000000 0.000000
101.501502 0.000000 0.000000
101.801802 0.000000 0.000000
102.102102 0.000000 0.000000
102.402402 0.000000 0.000000
102.702703 0.000000 0.000000
103.003003 0.000000 0.000000
103.303303 0.000000 0.000000
103.603604 0.000000 0.000000
103.903904 0.000000 0.000000
104.204204 0.000000 0.000000
104.504505 0.000000 0.000000
104.804805 0.000000 0.000000
105.105105 0.000000 0.000000
105.405405 0.000000 0.000000
105.705706 0.000000 0.000000
106.006006 0.000000 0.000000
106.306306 0.000000 0.000000
106.606607 0.000000 0.000000
106.906907 0.000000 0.000000
107.207207 0.000000 0.000000
107.507508 0.000000 0.000000
107.807808 0.000000 0.000000
108.108108 0.000000 0.000000
108.408408 0.000000 0.000000
108.708709 0.000000 0.000000
109.009009 0.000000 0.000000
109.309309 0.000000 0.000000
109.609610 0.000000 0.000000
109.909910 0.000000 0.000000
110.210210 0.000000 0.000000
110.510511 0.000000 0.000000
110.810811 0.000000 0.000000
111.111111 0.000000 0.000000
111.411411 0.000000 0.000000
111.711712 0.000000 0.000000
112.012012 0.000000 0.000000
112.312312 0.000000 0.000000
112.612613 0.000000 0.000000
112.912913 0.000000 0.000000
113.213213 0.000000 0.000000
113.513514 0.000000 0.000000
113.813814 0.000000 0.000000
114.114114 0.000000 0.000000
114.414414 0.000000 0.000000
114.714715 0.000000 0.000000
115.015015 0.000000 0.000000
115.315315 0.000000 0.000000
115.615616 0.000000 0.000000
115.915916 0.000000 0.000000
116.216216 0.000000 0.000000
116.516517 0.000000 0.000000
116.816817 0.000000 0.000000
117.117117 0.000000 0.000000
117.417417 0.000000 0.000000
117.717718 0.000000 0.000000
118.018018 0.000000 0.000000
118.318318 0.000000 0.000000
118.618619 0.000000 0.000000
118.918919 0.000000 0.000000
119.219219 0.000000 0.000000
119.519520 0.000000 0.000000
119.819820 0.000000 0.000000
120.120120 0.000000 0.000000
120.420420 0.000000 0.000000
120.720721 0.000000 0.000000
121.021021 0.000000 0.000000
121.321321 0.000000 0.000000
121.621622 0.000000 0.000000
121.921922 0.000000 0.000000
122.222222 0.000000 0.000000
122.522523 0.000000 0.000000
122.822823 0.000000 0.000000
123.123123 0.000000 0.000000
123.423423 0.000000 0.000000
123.723724 0.000000 0.000000
124.024024 0.000000 0.000000
124.324324 0.000000 0.000000
124.624625 0.000000 0.000000
124.924925 0.000000 0.000000
125.225225 0.000000 0.000000
125.525526 0.000000 0.000000
125.825826 0.000000 0.000000
126.126126 0.000000 0.000000
126.426426 0.000000 0.000000
126.726727 0.000000 0.000000
127.027027 0.000000 0.000000
127.327327 0.000000 0.000000
127.627628 0.000000 0.000000
127.927928 0.000000 0.000000
128.228228 0.000000 0.000000
128.528529 0.000000 0.000000
128.828829 0.000000 0.000000
129.129129 0.000000 0.000000
129.429429 0.000000 0.000000
129.729730 0.000000 0.000000
130.030030 0.000000 0.000000
130.330330 0.000000 0.000000
130.630631 0.000000 0.000000
130.930931 0.000000 0.000000
131.231231 0.000000 0.000000
131.531532 0.000000 0.000000
131.831832 0.000000 0.000000
132.132132 0.000000 0.000000
132.432432 0.000000 0.000000
132.732733 0.000000 0.000000
133.033033 0.000000 0.000000
133.333333 0.000000 0.000000
133.633634 0.000000 0.000000
133.933934 0.000000 0.000000
134.234234 0.000000 0.000000
134.534535 0.000000 0.000000
134.834835 0.000000 0.000000
135.135135 0.000000 0.000000
135.435435 0.000000 0.000000
135.735736 0.000000 0.000000
136.036036 0.000000 0.000000
136.336336 0.000000 0.000000
136.636637 0.000000 0.000000
136.936937 0.000000 0.000000
137.237237 0.000000 0.000000
137.537538 0.000000 0.000000
137.837838 0.000000 0.000000
138.138138 0.000000 0.000000
138.438438 0.000000 0.000000
138.738739 0.000000 0.000000
139.039039 0.000000 0.000000
139.339339 0.000000 0.000000
139.639640 0.000000 0.000000
139.939940 0.000000 0.000000
140.240240 0.000000 0.000000
140.540541 0.000000 0.000000
140.840841 0.000000 0.000000
141.141141 0.000000 0.000000
141.441441 0.000000 0.000000
141.741742 0.000000 0.000000
142.042042 0.000000 0.000000
142.342342 0.000000 0.000000
142.642643 0.000000 0.000000
142.942943 0.000000 0.000000
143.243243 0.000000 0.000000
143.543544 0.000000 0.000000
143.843844 0.000000 0.000000
144.144144 0.000000 0.000000
144.444444 0.000000 0.000000
144.744745 0.000000 0.000000
145.045045 0.000000 0.000000
145.345345 0.000000 0.000000
145.645646 0.000000 0.000000
145.945946 0.000000 0.000000
146.246246 0.000000 0.000000
146.546547 0.000000 0.000000
146.846847 0.000000 0.000000
147.147147 0.000000 0.000000
147.447447 0.000000 0.000000
147.747748 0.000000 0.000000
148.048048 0.000000 0.000000
148.348348 0.000000 0.000000
148.648649 0.000000 0.000000
148.948949 0.000000 0.000000
149.249249 0.000000 0.000000
149.549550 0.000000 0.000000
149.849850 0.000000 0.000000
150.150150 0.000000 0.000000
150.450450 0.000000 0.000000
150.750751 0.000000 0.000000
151.051051 0.000000 0.000000
151.351351 0.000000 0.000000
151.651652 0.000000 0.000000
151.951952 0.000000 0.000000
152.252252 0.000000 0.000000
152.552553 0.000000 0.000000
152.852853 0.000000 0.000000
153.153153 0.000000 0.000000
153.453453 0.000000 0.000000
153.753754 0.000000 0.000000
154.054054 0.000000 0.000000
154.354354 0.000000 0.000000
154.654655 0.000000 0.000000
154.954955 0.000000 0.000000
155.255255 0.000000 0.000000
155.555556 0.000000 0.000000
155.855856 0.000000 0.000000
156.156156 0.000000 0.000000
156.456456 0.000000 0.000000
156.756757 0.000000 0.000000
157.057057 0.000000 0.000000
157.357357 0.000000 0.000000
157.657658 0.000000 0.000000
157.957958 0.000000 0.000000
158.258258 0.000000 0.000000
158.558559 0.000000 0.000000
158.858859 0.000000 0.000000
159.159159 0.000000 0.000000
159.459459 0.000000 0.000000
159.759760 0.000000 0.000000
160.060060 0.000000 0.000000
160.360360 0.000000 0.000000
160.660661 0.000000 0.000000
160.960961 0.000000 0.000000
161.261261 0.000000 0.000000
161.561562 0.000000 0.000000
161.861862 0.000000 0.000000
162.162162 0.000000 0.000000
162.462462 0.000000 0.000000
162.762763 0.000000 0.000000
163.063063 0.000000 0.000000
163.363363 0.000000 0.000000
163.663664 0.000000 0.000000
163.963964 0.000000 0.000000
164.264264 0.000000 0.000000
164.564565 0.000000 0.000000
164.864865 0.000000 0.000000
165.165165 0.000000 0.000000
165.465465 0.000000 0.000000
165.765766 0.000000 0.000000
166.066066 0.000000 0.000000
166.366366 0.000000 0.000000
166.666667 0.000000 0.000000
166.966967 0.000000 0.000000
167.267267 0.000000 0.000000
167.567568 0.000000 0.000000
167.867868 0.000000 0.000000
168.168168 0.000000 0.000000
168.468468 0.000000 0.000000
168.768769 0.000000 0.000000
169.069069 0.000000 0.000000
169.369369 0.000000 0.000000
169.669670 0.000000 0.000000
169.969970 0.000000 0.000000
170.270270 0.000000 0.000000
170.570571 0.000000 0.000000
170.870871 0.000000 0.000000
171.171171 0.000000 0.000000
171.471471 0.000000 0.000000
171.771772 0.000000 0.000000
172.072072 0.000000 0.000000
172.372372 0.000000 0.000000
172.672673 0.000000 0.000000
172.972973 0.000000 0.000000
173.273273 0.000000 0.000000
173.573574 0.000000 0.000000
173.873874 0.000000 0.000000
174.174174 0.000000 0.000000
174.474474 0.000000 0.000000
174.774775 0.000000 0.000000
175.075075 0.000000 0.000000
175.375375 0.000000 0.000000
175.675676 0.000000 0.000000
175.975976 0.000000 0.000000
176.276276 0.000000 0.000000
176.576577 0.000000 0.000000
176.876877 0.000000 0.000000
177.177177 0.000000 0.000000
177.477477 0.000000 0.000000
177.777778 0.000000 0.000000
178.078078 0.000000 0.000000
178.378378 0.000000 0.000000
178.678679 0.000000 0.000000
178.978979 0.000000 0.000000
179.279279 0.000000 0.000000
179.579580 0.000000 0.000000
179.879880 0.000000 0.000000
180.180180 0.000000 0.000000
180.480480 0.000000 0.000000
180.780781 0.000000 0.000000
181.081081 0.000000 0.000000
181.381381 0.000000 0.000000
181.681682 0.000000 0.000000
181.981982 0.000000 0.000000
182.282282 0.000000 0.000000
182.582583 0.000000 0.000000
182.882883 0.000000 0.000000
183.183183 0.000000 0.000000
183.483483 0.000000 0.000000
183.783784 0.000000 0.000000
184.084084 0.000000 0.000000
184.384384 0.000000 0.000000
184.684685 0.000000 0.000000
184.984985 0.000000 0.000000
185.285285 0.000000 0.000000
185.585586 0.000000 0.000000
185.885886 0.000000 0.000000
186.186186 0.000000 0.000000
186.486486 0.000000 0.000000
186.786787 0.000000 0.000000
187.087087 0.000000 0.000000
187.387387 0.000000 0.000000
187.687688 0.000000 0.000000
187.987988 0.000000 0.000000
188.288288 0.000000 0.000000
188.588589 0.000000 0.000000
188.888889 0.000000 0.000000
189.189189 0.000000 0.000000
189.489489 0.000000 0.000000
189.789790 0.000000 0.000000
190.090090 0.000000 0.000000
190.390390 0.000000 0.000000
190.690691 0.000000 0.000000
190.990991 0.000000 0.000000
191.291291 0.000000 0.000000
191.591592 0.000000 0.000000
191.891892 0.000000 0.000000
192.192192 0.000000 0.000000
192.492492 0.000000 0.000000
192.792793 0.000000 0.000000
193.093093 0.000000 0.000000
193.393393 0.000000 0.000000
193.693694 0.000000 0.000000
193.993994 0.000000 0.000000
194.294294 0.000000 0.000000
194.594595 0.000000 0.000000
194.894895 0.000000 0.000000
195.195195 0.000000 0.000000
195.495495 0.000000 0.000000
195.795796 0.000000 0.000000
196.096096 0.000000 0.000000
196.396396 0.000000 0.000000
196.696697 0.000000 0.000000
196.996997 0.000000 0.000000
197.297297 0.000000 0.000000
197.597598 0.000000 0.000000
197.897898 0.000000 0.000000
198.198198 0.000000 0.000000
198.498498 0.000000 0.000000
198.798799 0.000000 0.000000
199.099099 0.000000 0.000000
199.399399 0.000000 0.000000
199.699700 0.000000 0.000000
200.000000 0.000000 0.000000
200.300300 0.000000 0.000000
200.600601 0.000000 0.000000
200.900901 0.000000 0.000000
201.201201 0.000000 0.000000
201.501502 0.000000 0.000000
201.801802 0.000000 0.000000
202.102102 0.000000 0.000000
202.402402 0.000000 0.000000
202.702703 0.000000 0.000000
203.003003 0.000000 0.000000
203.303303 0.000000 0.000000
203.603604 0.000000 0.000000
203.903904 0.000000 0.000000
204.204204 0.000000 0.000000
204.504505 0.000000 0.000000
204.804805 0.000000 0.000000
205.105105 0.000000 0.000000
205.405405 0.000000 0.000000
205.705706 0.000000 0.000000
206.006006 0.000000 0.000000
206.306306 0.000000 0.000000
206.606607 0.000000 0.000000
206.906907 0.000000 0.000000
207.207207 0.000000 0.000000
207.507508 0.000000 0.000000
207.807808 0.000000 0.000000
208.108108 0.000000 0.000000
208.408408 0.000000 0.000000
208.708709 0.000000 0.000000
209.009009 0.000000 0.000000
209.309309 0.000000 0.000000
209.609610 0.000000 0.000000
209.909910 0.000000 0.000000
210.210210 0.000000 0.000000
210.510511 0.000000 0.000000
210.810811 0.000000 0.000000
211.111111 0.000000 0.000000
211.411411 0.000000 0.000000
211.711712 0.000000 0.000000
212.012012 0.000000 0.000000
212.312312 0.000000 0.000000
212.612613 0.000000 0.000000
212.912913 0.000000 0.000000
213.213213 0.000000 0.000000
213.513514 0.000000 0.000000
213.813814 0.000000 0.000000
214.114114 0.000000 0.000000
214.414414 0.000000 0.000000
214.714715 0.000000 0.000000
215.015015 0.000000 0.000000
215.315315 0.000000 0.000000
215.615616 0.000000 0.000000
215.915916 0.000000 0.000000
216.216216 0.000000 0.000000
216.516517 0.000000 0.000000
216.816817 0.000000 0.000000
217.117117 0.000000 0.000000
217.417417 0.000000 0.000000
217.717718 0.000000 0.000000
218.018018 0.000000 0.000000
218.318318 0.000000 0.000000
218.618619 0.000000 0.000000
218.918919 0.000000 0.000000
219.219219 0.000000 0.000000
219.519520 0.000000 0.000000
219.819820 0.000000 0.000000
220.120120 0.000000 0.000000
220.420420 0.000000 0.000000
220.720721 0.000000 0.000000
221.021021 0.000000 0.000000
221.321321 0.000000 0.000000
221.621622 0.000000 0.000000
221.921922 0.000000 0.000000
222.222222 0.000000 0.000000
222.522523 0.000000 0.000000
222.822823 0.000000 0.000000
223.123123 0.000000 0.000000
223.423423 0.000000 0.000000
223.723724 0.000000 0.000000
224.024024 0.000000 0.000000
224.324324 0.000000 0.000000
224.624625 0.000000 0.000000
224.924925 0.000000 0.000000
225.225225 0.000000 0.000000
225.525526 0.000000 0.000000
225.825826 0.000000 0.000000
226.126126 0.000000 0.000000
226.426426 0.000000 0.000000
226.726727 0.000000 0.000000
227.027027 0.000000 0.000000
227.327327 0.000000 0.000000
227.627628 0.000000 0.000000
227.927928 0.000000 0.000000
228.228228 0.000000 0.000000
228.528529 0.000000 0.000000
228.828829 0.000000 0.000000
229.129129 0.000000 0.000000
229.429429 0.000000 0.000000
229.729730 0.000000 0.000000
230.030030 0.000000 0.000000
230.330330 0.000000 0.000000
230.630631 0.000000 0.000000
230.930931 0.000000 0.000000
231.231231 0.000000 0.000000
231.531532 0.000000 0.000000
231.831832 0.000000 0.000000
232.132132 0.000000 0.000000
232.432432 0.000000 0.000000
232.732733 0.000000 0.000000
233.033033 0.000000 0.000000
233.333333 0.000000 0.000000
233.633634 0.000000 0.000000
233.933934 0.000000 0.000000
234.234234 0.000000 0.000000
234.534535 0.000000 0.000000
234.834835 0.000000 0.000000
235.135135 0.000000 0.000000
235.435435 0.000000 0.000000
235.735736 0.000000 0.000000
236.036036 0.000000 0.000000
236.336336 0.000000 0.000000
236.636637 0.000000 0.000000
236.936937 0.000000 0.000000
237.237237 0.000000 0.000000
237.537538 0.000000 0.000000
237.837838 0.000000 0.000000
238.138138 0.000000 0.000000
238.438438 0.000000 0.000000
238.738739 0.000000 0.000000
239.039039 0.000000 0.000000
239.339339 0.000000 0.000000
239.639640 0.000000 0.000000
239.939940 0.000000 0.000000
240.240240 0.000000 0.000000
240.540541 0.000000 0.000000
240.840841 0.000000 0.000000
241.141141 0.000000 0.000000
241.441441 0.000000 0.000000
241.741742 0.000000 0.000000
242.042042 0.000000 0.000000
242.342342 0.000000 0.000000
242.642643 0.000000 0.000000
242.942943 0.000000 0.000000
243.243243 0.000000 0.000000
243.543544 0.000000 0.000000
243.843844 0.000000 0.000000
244.144144 0.000000 0.000000
244.444444 0.000000 0.000000
244.744745 0.000000 0.000000
245.045045 0.000000 0.000000
245.345345 0.000000 0.000000
245.645646 0.000000 0.000000
245.945946 0.000000 0.000000
246.246246 0.000000 0.000000
246.546547 0.000000 0.000000
246.846847 0.000000 0.000000
247.147147 0.000000 0.000000
247.447447 0.000000 0.000000
247.747748 0.000000 0.000000
248.048048 0.000000 0.000000
248.348348 0.000000 0.000000
248.648649 0.000000 0.000000
248.948949 0.000000 0.000000
249.249249 0.000000 0.000000
249.549550 0.000000 0.000000
249.849850 0.000000 0.000000
250.150150 0.000000 0.000000
250.450450 0.000000 0.000000
250.750751 0.000000 0.000000
251.051051 0.000000 0.000000
251.351351 0.000000 0.000000
251.651652 0.000000 0.000000
251.951952 0.000000 0.000000
252.252252 0.000000 0.000000
252.552553 0.000000 0.000000
252.852853 0.000000 0.000000
253.153153 0.000000 0.000000
253.453453 0.000000 0.000000
253.753754 0.000000 0.000000
254.054054 0.000000 0.000000
254.354354 0.000000 0.000000
254.654655 0.000000 0.000000
254.954955 0.000000 0.000000
255.255255 0.000000 0.000000
255.555556 0.000000 0.000000
255.855856 0.000000 0.000000
256.156156 0.000000 0.000000
256.456456 0.000000 0.000000
256.756757 0.000000 0.000000
257.057057 0.000000 0.000000
257.357357 0.000000 0.000000
257.657658 0.000000 0.000000
257.957958 0.000000 0.000000
258.258258 0.000000 0.000000
258.558559 0.000000 0.000000
258.858859 0.000000 0.000000
259.159159 0.000000 0.000000
259.459459 0.000000 0.000000
259.759760 0.000000 0.000000
260.060060 0.000000 0.000000
260.360360 0.000000 0.000000
260.660661 0.000000 0.000000
260.960961 0.000000 0.000000
261.261261 0.000000 0.000000
261.561562 0.000000 0.000000
261.861862 0.000000 0.000000
262.162162 0.000000 0.000000
262.462462 0.000000 0.000000
262.762763 0.000000 0.000000
263.063063 0.000000 0.000000
263.363363 0.000000 0.000000
263.663664 0.000000 0.000000
263.963964 0.000000 0.000000
264.264264 0.000000 0.000000
264.564565 0.000000 0.000000
264.864865 0.000000 0.000000
265.165165 0.000000 0.000000
265.465465 0.000000 0.000000
265.765766 0.000000 0.000000
266.066066 0.000000 0.000000
266.366366 0.000000 0.000000
266.666667 0.000000 0.000000
266.966967 0.000000 0.000000
267.267267 0.000000 0.000000
267.567568 0.000000 0.000000
267.867868 0.000000 0.000000
268.168168 0.000000 0.000000
268.468468 0.000000 0.000000
268.768769 0.000000 0.000000
269.069069 0.000000 0.000000
269.369369 0.000000 0.000000
269.669670 0.000000 0.000000
269.969970 0.000000 0.000000
270.270270 0.000000 0.000000
270.570571 0.000000 0.000000
270.870871 0.000000 0.000000
271.171171 0.000000 0.000000
271.471471 0.000000 0.000000
271.771772 0.000000 0.000000
272.072072 0.000000 0.000000
272.372372 0.000000 0.000000
272.672673 0.000000 0.000000
272.972973 0.000000 0.000000
273.273273 0.000000 0.000000
273.573574 0.000000 0.000000
273.873874 0.000000 0.000000
274.174174 0.000000 0.000000
274.474474 0.000000 0.000000
274.774775 0.000000 0.000000
275.075075 0.000000 0.000000
275.375375 0.000000 0.000000
275.675676 0.000000 0.000000
275.975976 0.000000 0.000000
276.276276 0.000000 0.000000
276.576577 0.000000 0.000000
276.876877 0.000000 0.000000
277.177177 0.000000 0.000000
277.477477 0.000000 0.000000
277.777778 0.000000 0.000000
278.078078 0.000000 0.000000
278.378378 0.000000 0.000000
278.678679 0.000000 0.000000
278.978979 0.000000 0.000000
279.279279 0.000000 0.000000
279.579580 0.000000 0.000000
279.879880 0.000000 0.000000
280.180180 0.000000 0.000000
280.480480 0.000000 0.000000
280.780781 0.000000 0.000000
281.081081 0.000000 0.000000
281.381381 0.000000 0.000000
281.681682 0.000000 0.000000
281.981982 0.000000 0.000000
282.282282 0.000000 0.000000
282.582583 0.000000 0.000000
282.882883 0.000000 0.000000
283.183183 0.000000 0.000000
283.483483 0.000000 0.000000
283.783784 0.000000 0.000000
284.084084 0.000000 0.000000
284.384384 0.000000 0.000000
284.684685 0.000000 0.000000
284.984985 0.000000 0.000000
285.285285 0.000000 0.000000
285.585586 0.000000 0.000000
285.885886 0.000000 0.000000
286.186186 0.000000 0.000000
286.486486 0.000000 0.000000
286.786787 0.000000 0.000000
287.087087 0.000000 0.000000
287.387387 0.000000 0.000000
287.687688 0.000000 0.000000
287.987988 0.000000 0.000000
288.288288 0.000000 0.000000
288.588589 0.000000 0.000000
288.888889 0.000000 0.000000
289.189189 0.000000 0.000000
289.489489 0.000000 0.000000
289.789790 0.000000 0.000000
290.090090 0.000000 0.000000
290.390390 0.000000 0.000000
290.690691 0.000000 0.000000
290.990991 0.000000 0.000000
291.291291 0.000000 0.000000
291.591592 0.000000 0.000000
291.891892 0.000000 0.000000
292.192192 0.000000 0.000000
292.492492 0.000000 0.000000
292.792793 0.000000 0.000000
293.093093 0.000000 0.000000
293.393393 0.000000 0.000000
293.693694 0.000000 0.000000
293.993994 0.000000 0.000000
294.294294 0.000000 0.000000
294.594595 0.000000 0.000000
294.894895 0.000000 0.000000
295.195195 0.000000 0.000000
295.495495 0.000000 0.000000
295.795796 0.000000 0.000000
296.096096 0.000000 0.000000
296.396396 0.000000 0.000000
296.696697 0.000000 0.000000
296.996997 0.000000 0.000000
297.297297 0.000000 0.000000
297.597598 0.000000 0.000000
297.897898 0.000000 0.000000
298.198198 0.000000 0.000000
298.498498 0.000000 0.000000
298.798799 0.000000 0.000000
299.099099 0.000000 0.000000
299.399399 0.000000 0.000000
299.699700 0.000000 0.000000
300.000000 0.000000 0.000000
