# Asset Price (S) | Option Price | Delta (dV/dS)
0.000000 98.019867 -162.938765
0.601202 0.060690 -81.519730
1.202405 0.000152 -0.050473
1.803607 0.000001 -0.000127
2.404810 0.000000 -0.000001
3.006012 0.000000 -0.000000
3.607214 0.000000 -0.000000
4.208417 0.000000 -0.000000
4.809619 0.000000 -0.000000
5.410822 0.000000 -0.000000
6.012024 0.000000 -0.000000
6.613226 0.000000 -0.000000
7.214429 0.000000 -0.000000
7.815631 0.000000 -0.000000
8.416834 0.000000 -0.000000
9.018036 0.000000 -0.000000
9.619238 0.000000 -0.000000
10.220441 0.000000 -0.000000
10.821643 0.000000 -0.000000
11.422846 0.000000 -0.000000
12.024048 0.000000 -0.000000
12.625251 0.000000 -0.000000
13.226453 0.000000 -0.000000
13.827655 0.000000 -0.000000
14.428858 0.000000 -0.000000
15.030060 0.000000 -0.000000
15.631263 0.000000 -0.000000
16.232465 0.000000 -0.000000
16.833667 0.000000 -0.000000
17.434870 0.000000 -0.000000
18.036072 0.000000 -0.000000
18.637275 0.000000 -0.000000
19.238477 0.000000 -0.000000
19.839679 0.000000 -0.000000
20.440882 0.000000 -0.000000
21.042084 0.000000 -0.000000
21.643287 0.000000 -0.000000
22.244489 0.000000 -0.000000
22.845691 0.000000 -0.000000
23.446894 0.000000 -0.000000
24.048096 0.000000 -0.000000
24.649299 0.000000 -0.000000
25.250501 0.000000 -0.000000
25.851703 0.000000 -0.000000
26.452906 0.000000 -0.000000
27.054108 0.000000 -0.000000
27.655311 0.000000 -0.000000
28.256513 0.000000 -0.000000
28.857715 0.000000 -0.000000
29.458918 0.000000 -0.000000
30.060120 0.000000 -0.000000
30.661323 0.000000 -0.000000
31.262525 0.000000 -0.000000
31.863727 0.000000 -0.000000
32.464930 0.000000 -0.000000
33.066132 0.000000 -0.000000
33.667335 0.000000 -0.000000
34.268537 0.000000 -0.000000
34.869739 0.000000 -0.000000
35.470942 0.000000 -0.000000
36.072144 0.000000 -0.000000
36.673347 0.000000 -0.000000
37.274549 0.000000 -0.000000
37.875752 0.000000 -0.000000
38.476954 0.000000 -0.000000
39.078156 0.000000 -0.000000
39.679359 0.000000 -0.000000
40.280561 0.000000 -0.000000
40.881764 0.000000 -0.000000
41.482966 0.000000 -0.000000
42.084168 0.000000 -0.000000
42.685371 0.000000 -0.000000
43.286573 0.000000 -0.000000
43.887776 0.000000 -0.000000
44.488978 0.000000 -0.000000
45.090180 0.000000 -0.000000
45.691383 0.000000 -0.000000
46.292585 0.000000 -0.000000
46.893788 0.000000 -0.000000
47.494990 0.000000 -0.000000
48.096192 0.000000 -0.000000
48.697395 0.000000 -0.000000
49.298597 0.000000 -0.000000
49.899800 0.000000 -0.000000
50.501002 0.000000 -0.000000
51.102204 0.000000 -0.000000
51.703407 0.000000 -0.000000
52.304609 0.000000 -0.000000
52.905812 0.000000 -0.000000
53.507014 0.000000 -0.000000
54.108216 0.000000 -0.000000
54.709419 0.000000 -0.000000
55.310621 0.000000 -0.000000
55.911824 0.000000 -0.000000
56.513026 0.000000 -0.000000
57.114228 0.000000 -0.000000
57.715431 0.000000 -0.000000
58.316633 0.000000 -0.000000
58.917836 0.000000 -0.000000
59.519038 0.000000 -0.000000
60.120240 0.000000 -0.000000
60.721443 0.000000 -0.000000
61.322645 0.000000 -0.000000
61.923848 0.000000 -0.000000
62.525050 0.000000 -0.000000
63.126253 0.000000 -0.000000
63.727455 0.000000 -0.000000
64.328657 0.000000 -0.000000
64.929860 0.000000 -0.000000
65.531062 0.000000 -0.000000
66.132265 0.000000 -0.000000
66.733467 0.000000 -0.000000
67.334669 0.000000 -0.000000
67.935872 0.000000 -0.000000
68.537074 0.000000 -0.000000
69.138277 0.000000 -0.000000
69.739479 0.000000 -0.000000
70.340681 0.000000 -0.000000
70.941884 0.000000 -0.000000
71.543086 0.000000 -0.000000
72.144289 0.000000 -0.000000
72.745491 0.000000 -0.000000
73.346693 0.000000 -0.000000
73.947896 0.000000 -0.000000
74.549098 0.000000 -0.000000
75.150301 0.000000 59.797409
75.751503 71.900692 43.969945
76.352705 52.869674 -27.388249
76.953908 38.968929 -20.025657
77.555110 28.790727 -14.677768
78.156313 21.320310 -10.783703
78.757515 15.824351 -7.941358
79.358717 11.771583 -5.861723
79.959920 8.776187 -4.336551
80.561122 6.557294 -3.215418
81.162325 4.909952 -2.389407
81.763527 3.684259 -1.779461
82.364729 2.770320 -1.328063
82.965932 2.087389 -0.993270
83.567134 1.576007 -0.744425
84.168337 1.192289 -0.559072
84.769539 0.903776 -0.420721
85.370741 0.686412 -0.317240
85.971944 0.522326 -0.239683
86.573146 0.398217 -0.181438
87.174349 0.304164 -0.137611
87.775551 0.232752 -0.104568
88.376754 0.178430 -0.079608
88.977956 0.137032 -0.060717
89.579158 0.105424 -0.046393
90.180361 0.081249 -0.035512
90.781563 0.062725 -0.027231
91.382766 0.048507 -0.020917
91.983968 0.037574 -0.016095
92.585170 0.029154 -0.012406
93.186373 0.022657 -0.009578
93.787575 0.017637 -0.007407
94.388778 0.013751 -0.005738
94.989980 0.010738 -0.004452
95.591182 0.008398 -0.003459
96.192385 0.006578 -0.002693
96.793587 0.005161 -0.002099
97.394790 0.004054 -0.001639
97.995992 0.003190 -0.001281
98.597194 0.002514 -0.001003
99.198397 0.001984 -0.000787
99.799599 0.001568 -0.000618
100.400802 0.001240 -0.000486
101.002004 0.000983 -0.000383
101.603206 0.000780 -0.000302
102.204409 0.000620 -0.000239
102.805611 0.000493 -0.000189
103.406814 0.000393 -0.000149
104.008016 0.000313 -0.000119
104.609218 0.000250 -0.000094
105.210421 0.000200 -0.000075
105.811623 0.000160 -0.000060
106.412826 0.000129 -0.000048
107.014028 0.000103 -0.000038
107.615230 0.000083 -0.000030
108.216433 0.000067 -0.000024
108.817635 0.000054 -0.000019
109.418838 0.000043 -0.000016
110.020040 0.000035 -0.000013
110.621242 0.000028 -0.000010
111.222445 0.000023 -0.000008
111.823647 0.000019 -0.000007
112.424850 0.000015 -0.000005
113.026052 0.000012 -0.000004
113.627255 0.000010 -0.000003
114.228457 0.000008 -0.000003
114.829659 0.000007 -0.000002
115.430862 0.000005 -0.000002
116.032064 0.000004 -0.000001
116.633267 0.000004 -0.000001
117.234469 0.000003 -0.000001
117.835671 0.000002 -0.000001
118.436874 0.000002 -0.000001
119.038076 0.000002 -0.000001
119.639279 0.000001 -0.000000
120.240481 0.000001 -0.000000
120.841683 0.000001 -0.000000
121.442886 0.000001 -0.000000
122.044088 0.000001 -0.000000
122.645291 0.000001 -0.000000
123.246493 0.000000 -0.000000
123.847695 0.000000 -0.000000
124.448898 0.000000 -0.000000
125.050100 0.000000 -0.000000
125.651303 0.000000 -0.000000
126.252505 0.000000 -0.000000
126.853707 0.000000 -0.000000
127.454910 0.000000 -0.000000
128.056112 0.000000 -0.000000
128.657315 0.000000 -0.000000
129.258517 0.000000 -0.000000
129.859719 0.000000 -0.000000
130.460922 0.000000 -0.000000
131.062124 0.000000 -0.000000
131.663327 0.000000 -0.000000
132.264529 0.000000 -0.000000
132.865731 0.000000 -0.000000
133.466934 0.000000 -0.000000
134.068136 0.000000 -0.000000
134.669339 0.000000 -0.000000
135.270541 0.000000 -0.000000
135.871743 0.000000 -0.000000
136.472946 0.000000 -0.000000
137.074148 0.000000 -0.000000
137.675351 0.000000 -0.000000
138.276553 0.000000 -0.000000
138.877756 0.000000 -0.000000
139.478958 0.000000 -0.000000
140.080160 0.000000 -0.000000
140.681363 0.000000 -0.000000
141.282565 0.000000 -0.000000
141.883768 0.000000 -0.000000
142.484970 0.000000 -0.000000
143.086172 0.000000 -0.000000
143.687375 0.000000 -0.000000
144.288577 0.000000 -0.000000
144.889780 0.000000 -0.000000
145.490982 0.000000 -0.000000
146.092184 0.000000 -0.000000
146.693387 0.000000 -0.000000
147.294589 0.000000 -0.000000
147.895792 0.000000 -0.000000
148.496994 0.000000 -0.000000
149.098196 0.000000 -0.000000
149.699399 0.000000 -0.000000
150.300601 0.000000 69.761181
150.901804 83.881180 59.735518
151.503006 71.826274 -18.579128
152.104208 61.541547 -15.855485
152.705411 52.761562 -13.539568
153.306613 45.261505 -11.569086
153.907816 38.850838 -9.891454
154.509018 33.367973 -8.462253
155.110220 28.675784 -7.243936
155.711423 24.657829 -6.204745
156.312625 21.215168 -5.317800
156.913828 18.263681 -4.560335
157.515030 15.731800 -3.913057
158.116232 13.558602 -3.359608
158.717435 11.692192 -2.886103
159.318637 10.088338 -2.480756
159.919840 8.709319 -2.133553
160.521042 7.522943 -1.835981
161.122244 6.501726 -1.580798
161.723447 5.622184 -1.361840
162.324649 4.864243 -1.173859
162.925852 4.210731 -1.012380
163.527054 3.646952 -0.873591
164.128257 3.160321 -0.754235
164.729459 2.740056 -0.651536
165.330661 2.376911 -0.563120
165.931864 2.062957 -0.486961
166.533066 1.791387 -0.421322
167.134269 1.556357 -0.364721
167.735471 1.352845 -0.315887
168.336673 1.176533 -0.273732
168.937876 1.023708 -0.237324
169.539078 0.891174 -0.205863
170.140281 0.776178 -0.178662
170.741483 0.676350 -0.155132
171.342685 0.589646 -0.134768
171.943888 0.514304 -0.117135
172.545090 0.448802 -0.101859
173.146293 0.391828 -0.088618
173.747495 0.342248 -0.077135
174.348697 0.299080 -0.067173
174.949900 0.261479 -0.058525
175.551102 0.228710 -0.051014
176.152305 0.200139 -0.044488
176.753507 0.175217 -0.038815
177.354709 0.153467 -0.033881
177.955912 0.134477 -0.029588
178.557114 0.117890 -0.025851
179.158317 0.103394 -0.022596
179.759519 0.090721 -0.019760
180.360721 0.079635 -0.017287
180.961924 0.069935 -0.015131
181.563126 0.061442 -0.013249
182.164329 0.054004 -0.011606
182.765531 0.047487 -0.010172
183.366733 0.041773 -0.008919
183.967936 0.036763 -0.007823
184.569138 0.032367 -0.006865
185.170341 0.028508 -0.006027
185.771543 0.025120 -0.005293
186.372745 0.022143 -0.004651
186.973948 0.019527 -0.004088
187.575150 0.017227 -0.003595
188.176353 0.015204 -0.003163
188.777555 0.013424 -0.002784
189.378758 0.011857 -0.002451
189.979960 0.010477 -0.002159
190.581162 0.009262 -0.001902
191.182365 0.008190 -0.001677
191.783567 0.007245 -0.001479
192.384770 0.006412 -0.001305
192.985972 0.005677 -0.001151
193.587174 0.005028 -0.001017
194.188377 0.004454 -0.000898
194.789579 0.003948 -0.000793
195.390782 0.003501 -0.000701
195.991984 0.003105 -0.000620
196.593186 0.002755 -0.000548
197.194389 0.002445 -0.000485
197.795591 0.002171 -0.000430
198.396794 0.001929 -0.000381
198.997996 0.001714 -0.000337
199.599198 0.001523 -0.000299
200.200401 0.001355 -0.000265
200.801603 0.001205 -0.000235
201.402806 0.001072 -0.000208
202.004008 0.000954 -0.000185
202.605210 0.000850 -0.000164
203.206413 0.000757 -0.000146
203.807615 0.000674 -0.000130
204.408818 0.000601 -0.000115
205.010020 0.000536 -0.000102
205.611222 0.000478 -0.000091
206.212425 0.000426 -0.000081
206.813627 0.000380 -0.000072
207.414830 0.000340 -0.000064
208.016032 0.000303 -0.000057
208.617234 0.000271 -0.000051
209.218437 0.000242 -0.000046
209.819639 0.000216 -0.000041
210.420842 0.000193 -0.000036
211.022044 0.000172 -0.000032
211.623246 0.000154 -0.000029
212.224449 0.000138 -0.000026
212.825651 0.000123 -0.000023
213.426854 0.000110 -0.000021
214.028056 0.000098 -0.000019
214.629259 0.000087 -0.000017
215.230461 0.000078 -0.000015
215.831663 0.000069 -0.000014
216.432866 0.000061 -0.000012
217.034068 0.000054 -0.000011
217.635271 0.000048 -0.000010
218.236473 0.000042 -0.000009
218.837675 0.000037 -0.000008
219.438878 0.000032 -0.000008
220.040080 0.000028 -0.000007
220.641283 0.000024 -0.000007
221.242485 0.000020 -0.000006
221.843687 0.000016 -0.000006
222.444890 0.000013 -0.000006
223.046092 0.000009 -0.000005
223.647295 0.000006 -0.000005
224.248497 0.000003 -0.000005
224.849699 0.000000 -0.000003
225.450902 0.000000 73.469228
226.052104 88.339753 66.231924
226.653307 79.637584 -13.745288
227.254509 71.812353 -12.361786
227.855711 64.773713 -11.120650
228.456914 58.440829 -10.006914
229.058116 52.741352 -9.007214
229.659319 47.610512 -8.109620
230.260521 42.990306 -7.303476
230.861723 38.828777 -6.579263
231.462926 35.079369 -5.928471
232.064128 31.700355 -5.343495
232.665331 28.654325 -4.817534
233.266533 25.907729 -4.344503
233.867735 23.430473 -3.918961
234.468938 21.195552 -3.536036
235.070140 19.178727 -3.191366
235.671343 17.358238 -2.881046
236.272545 15.714543 -2.601578
236.873747 14.230088 -2.349829
237.474950 12.889098 -2.122987
238.076152 11.677397 -1.918536
238.677355 10.582241 -1.734217
239.278557 9.592167 -1.568004
239.879760 8.696865 -1.418079
240.480962 7.887061 -1.282812
241.082164 7.154405 -1.160739
241.683367 6.491383 -1.050543
242.284569 5.891228 -0.951044
242.885772 5.347844 -0.861181
243.486974 4.855740 -0.780000
244.088176 4.409967 -0.706645
244.689379 4.006066 -0.640343
245.290581 3.640015 -0.580403
245.891784 3.308187 -0.526200
246.492986 3.007310 -0.477173
247.094188 2.734432 -0.432817
247.695391 2.486889 -0.392677
248.296593 2.262275 -0.356344
248.897796 2.058419 -0.323448
249.498998 1.873359 -0.293658
250.100200 1.705323 -0.266674
250.701403 1.552709 -0.242225
251.302605 1.414070 -0.220068
251.903808 1.288098 -0.199984
252.505010 1.173609 -0.181774
253.106212 1.069532 -0.165260
253.707415 0.974900 -0.150280
254.308617 0.888835 -0.136689
254.909820 0.810545 -0.124354
255.511022 0.739311 -0.113158
256.112224 0.674483 -0.102993
256.713427 0.615472 -0.093762
257.314629 0.561743 -0.085376
257.915832 0.512815 -0.077758
258.517034 0.468247 -0.070835
259.118236 0.427642 -0.064542
259.719439 0.390641 -0.058821
260.320641 0.356916 -0.053619
260.921844 0.326170 -0.048887
261.523046 0.298134 -0.044582
262.124248 0.272564 -0.040665
262.725451 0.249238 -0.037100
263.326653 0.227954 -0.033855
263.927856 0.208531 -0.030900
264.529058 0.190800 -0.028209
265.130261 0.174612 -0.025757
265.731463 0.159830 -0.023524
266.332665 0.146328 -0.021488
266.933868 0.133992 -0.019633
267.535070 0.122721 -0.017942
268.136273 0.112419 -0.016399
268.737475 0.103002 -0.014993
269.338677 0.094392 -0.013710
269.939880 0.086517 -0.012539
270.541082 0.079315 -0.011471
271.142285 0.072725 -0.010495
271.743487 0.066695 -0.009605
272.344689 0.061176 -0.008792
272.945892 0.056124 -0.008050
273.547094 0.051497 -0.007371
274.148297 0.047260 -0.006752
274.749499 0.043379 -0.006186
275.350701 0.039823 -0.005668
275.951904 0.036563 -0.005195
276.553106 0.033576 -0.004763
277.154309 0.030837 -0.004367
277.755511 0.028325 -0.004006
278.356713 0.026020 -0.003675
278.957916 0.023906 -0.003373
279.559118 0.021965 -0.003096
280.160321 0.020183 -0.002843
280.761523 0.018547 -0.002611
281.362725 0.017044 -0.002399
281.963928 0.015663 -0.002205
282.565130 0.014393 -0.002027
283.166333 0.013225 -0.001865
283.767535 0.012150 -0.001716
284.368737 0.011161 -0.001580
284.969940 0.010250 -0.001456
285.571142 0.009410 -0.001342
286.172345 0.008636 -0.001239
286.773547 0.007921 -0.001144
287.374749 0.007261 -0.001057
287.975952 0.006650 -0.000978
288.577154 0.006085 -0.000906
289.178357 0.005561 -0.000840
289.779559 0.005075 -0.000780
290.380762 0.004623 -0.000726
290.981964 0.004202 -0.000677
291.583166 0.003809 -0.000633
292.184369 0.003441 -0.000592
292.785571 0.003096 -0.000557
293.386774 0.002772 -0.000524
293.987976 0.002466 -0.000496
294.589178 0.002176 -0.000471
295.190381 0.001900 -0.000448
295.791583 0.001636 -0.000429
296.392786 0.001384 -0.000413
296.993988 0.001140 -0.000400
297.595190 0.000903 -0.000389
298.196393 0.000672 -0.000380
298.797595 0.000446 -0.000374
299.398798 0.000222 -0.000371
300.000000 0.000000 -0.000370
