# Asset Price (S) | Option Price | Delta (dV/dS)
0.000000 97.044553 -161.317497
0.601202 0.060086 -80.708595
1.202405 0.000151 -0.049971
1.803607 0.000001 -0.000125
2.404810 0.000000 -0.000001
3.006012 0.000000 -0.000000
3.607214 0.000000 -0.000000
4.208417 0.000000 -0.000000
4.809619 0.000000 -0.000000
5.410822 0.000000 -0.000000
6.012024 0.000000 -0.000000
6.613226 0.000000 -0.000000
7.214429 0.000000 -0.000000
7.815631 0.000000 -0.000000
8.416834 0.000000 -0.000000
9.018036 0.000000 -0.000000
9.619238 0.000000 -0.000000
10.220441 0.000000 -0.000000
10.821643 0.000000 -0.000000
11.422846 0.000000 -0.000000
12.024048 0.000000 -0.000000
12.625251 0.000000 -0.000000
13.226453 0.000000 -0.000000
13.827655 0.000000 -0.000000
14.428858 0.000000 -0.000000
15.030060 0.000000 -0.000000
15.631263 0.000000 -0.000000
16.232465 0.000000 -0.000000
16.833667 0.000000 -0.000000
17.434870 0.000000 -0.000000
18.036072 0.000000 -0.000000
18.637275 0.000000 -0.000000
19.238477 0.000000 -0.000000
19.839679 0.000000 -0.000000
20.440882 0.000000 -0.000000
21.042084 0.000000 -0.000000
21.643287 0.000000 -0.000000
22.244489 0.000000 -0.000000
22.845691 0.000000 -0.000000
23.446894 0.000000 -0.000000
24.048096 0.000000 -0.000000
24.649299 0.000000 -0.000000
25.250501 0.000000 -0.000000
25.851703 0.000000 -0.000000
26.452906 0.000000 -0.000000
27.054108 0.000000 -0.000000
27.655311 0.000000 -0.000000
28.256513 0.000000 -0.000000
28.857715 0.000000 -0.000000
29.458918 0.000000 -0.000000
30.060120 0.000000 -0.000000
30.661323 0.000000 -0.000000
31.262525 0.000000 -0.000000
31.863727 0.000000 -0.000000
32.464930 0.000000 -0.000000
33.066132 0.000000 -0.000000
33.667335 0.000000 -0.000000
34.268537 0.000000 -0.000000
34.869739 0.000000 -0.000000
35.470942 0.000000 -0.000000
36.072144 0.000000 -0.000000
36.673347 0.000000 -0.000000
37.274549 0.000000 -0.000000
37.875752 0.000000 -0.000000
38.476954 0.000000 -0.000000
39.078156 0.000000 -0.000000
39.679359 0.000000 -0.000000
40.280561 0.000000 -0.000000
40.881764 0.000000 -0.000000
41.482966 0.000000 -0.000000
42.084168 0.000000 -0.000000
42.685371 0.000000 -0.000000
43.286573 0.000000 -0.000000
43.887776 0.000000 -0.000000
44.488978 0.000000 -0.000000
45.090180 0.000000 -0.000000
45.691383 0.000000 -0.000000
46.292585 0.000000 -0.000000
46.893788 0.000000 -0.000000
47.494990 0.000000 -0.000000
48.096192 0.000000 -0.000000
48.697395 0.000000 -0.000000
49.298597 0.000000 -0.000000
49.899800 0.000000 -0.000000
50.501002 0.000000 -0.000000
51.102204 0.000000 -0.000000
51.703407 0.000000 -0.000000
52.304609 0.000000 -0.000000
52.905812 0.000000 -0.000000
53.507014 0.000000 -0.000000
54.108216 0.000000 -0.000000
54.709419 0.000000 -0.000000
55.310621 0.000000 -0.000000
55.911824 0.000000 -0.000000
56.513026 0.000000 -0.000000
57.114228 0.000000 -0.000000
57.715431 0.000000 -0.000000
58.316633 0.000000 -0.000000
58.917836 0.000000 -0.000000
59.519038 0.000000 -0.000000
60.120240 0.000000 -0.000000
60.721443 0.000000 -0.000000
61.322645 0.000000 -0.000000
61.923848 0.000000 -0.000000
62.525050 0.000000 -0.000000
63.126253 0.000000 -0.000000
63.727455 0.000000 -0.000000
64.328657 0.000000 -0.000000
64.929860 0.000000 -0.000000
65.531062 0.000000 -0.000000
66.132265 0.000000 -0.000000
66.733467 0.000000 -0.000000
67.334669 0.000000 -0.000000
67.935872 0.000000 -0.000000
68.537074 0.000000 -0.000000
69.138277 0.000000 -0.000000
69.739479 0.000000 -0.000000
70.340681 0.000000 -0.000000
70.941884 0.000000 -0.000000
71.543086 0.000000 -0.000000
72.144289 0.000000 -0.000000
72.745491 0.000000 -0.000000
73.346693 0.000000 -0.000000
73.947896 0.000000 -0.000000
74.549098 0.000000 -0.000000
75.150301 0.000000 59.202414
75.751503 71.185268 43.532437
76.352705 52.343612 -27.115731
76.953908 38.581182 -19.826399
77.555110 28.504255 -14.531722
78.156313 21.108170 -10.676403
78.757515 15.666896 -7.862340
79.358717 11.654454 -5.803398
79.959920 8.688862 -4.293401
80.561122 6.492048 -3.183425
81.162325 4.861097 -2.365632
81.763527 3.647600 -1.761755
82.364729 2.742754 -1.314849
82.965932 2.066619 -0.983387
83.567134 1.560325 -0.737018
84.168337 1.180425 -0.553509
84.769539 0.894784 -0.416534
85.370741 0.679582 -0.314083
85.971944 0.517129 -0.237298
86.573146 0.394254 -0.179633
87.174349 0.301137 -0.136242
87.775551 0.230436 -0.103528
88.376754 0.176655 -0.078816
88.977956 0.135668 -0.060113
89.579158 0.104375 -0.045931
90.180361 0.080440 -0.035158
90.781563 0.062101 -0.026960
91.382766 0.048024 -0.020709
91.983968 0.037200 -0.015935
92.585170 0.028864 -0.012282
93.186373 0.022432 -0.009483
93.787575 0.017462 -0.007334
94.388778 0.013614 -0.005681
94.989980 0.010631 -0.004407
95.591182 0.008315 -0.003425
96.192385 0.006513 -0.002666
96.793587 0.005109 -0.002078
97.394790 0.004014 -0.001622
97.995992 0.003158 -0.001269
98.597194 0.002489 -0.000993
99.198397 0.001964 -0.000779
99.799599 0.001552 -0.000612
100.400802 0.001228 -0.000481
101.002004 0.000973 -0.000379
101.603206 0.000772 -0.000299
102.204409 0.000614 -0.000236
102.805611 0.000488 -0.000187
103.406814 0.000389 -0.000148
104.008016 0.000310 -0.000117
104.609218 0.000248 -0.000093
105.210421 0.000198 -0.000074
105.811623 0.000159 -0.000059
106.412826 0.000127 -0.000047
107.014028 0.000102 -0.000038
107.615230 0.000082 -0.000030
108.216433 0.000066 -0.000024
108.817635 0.000053 -0.000019
109.418838 0.000043 -0.000015
110.020040 0.000035 -0.000012
110.621242 0.000028 -0.000010
111.222445 0.000023 -0.000008
111.823647 0.000018 -0.000006
112.424850 0.000015 -0.000005
113.026052 0.000012 -0.000004
113.627255 0.000010 -0.000003
114.228457 0.000008 -0.000003
114.829659 0.000007 -0.000002
115.430862 0.000005 -0.000002
116.032064 0.000004 -0.000001
116.633267 0.000004 -0.000001
117.234469 0.000003 -0.000001
117.835671 0.000002 -0.000001
118.436874 0.000002 -0.000001
119.038076 0.000002 -0.000001
119.639279 0.000001 -0.000000
120.240481 0.000001 -0.000000
120.841683 0.000001 -0.000000
121.442886 0.000001 -0.000000
122.044088 0.000001 -0.000000
122.645291 0.000001 -0.000000
123.246493 0.000000 -0.000000
123.847695 0.000000 -0.000000
124.448898 0.000000 -0.000000
125.050100 0.000000 -0.000000
125.651303 0.000000 -0.000000
126.252505 0.000000 -0.000000
126.853707 0.000000 -0.000000
127.454910 0.000000 -0.000000
128.056112 0.000000 -0.000000
128.657315 0.000000 -0.000000
129.258517 0.000000 -0.000000
129.859719 0.000000 -0.000000
130.460922 0.000000 -0.000000
131.062124 0.000000 -0.000000
131.663327 0.000000 -0.000000
132.264529 0.000000 -0.000000
132.865731 0.000000 -0.000000
133.466934 0.000000 -0.000000
134.068136 0.000000 -0.000000
134.669339 0.000000 -0.000000
135.270541 0.000000 -0.000000
135.871743 0.000000 -0.000000
136.472946 0.000000 -0.000000
137.074148 0.000000 -0.000000
137.675351 0.000000 -0.000000
138.276553 0.000000 -0.000000
138.877756 0.000000 -0.000000
139.478958 0.000000 -0.000000
140.080160 0.000000 -0.000000
140.681363 0.000000 -0.000000
141.282565 0.000000 -0.000000
141.883768 0.000000 -0.000000
142.484970 0.000000 -0.000000
143.086172 0.000000 -0.000000
143.687375 0.000000 -0.000000
144.288577 0.000000 -0.000000
144.889780 0.000000 -0.000000
145.490982 0.000000 -0.000000
146.092184 0.000000 -0.000000
146.693387 0.000000 -0.000000
147.294589 0.000000 -0.000000
147.895792 0.000000 -0.000000
148.496994 0.000000 -0.000000
149.098196 0.000000 -0.000000
149.699399 0.000000 -0.000000
150.300601 0.000000 69.067046
150.901804 83.046548 59.141139
151.503006 71.111590 -18.394263
152.104208 60.929198 -15.697720
152.705411 52.236576 -13.404847
153.306613 44.811145 -11.453972
153.907816 38.464266 -9.793032
154.509018 33.035956 -8.378052
155.110220 28.390455 -7.171858
155.711423 24.412479 -6.143007
156.312625 21.004074 -5.264887
156.913828 18.081954 -4.514959
157.515030 15.575266 -3.874122
158.116232 13.423692 -3.326179
158.717435 11.575852 -2.857386
159.318637 9.987957 -2.456072
159.919840 8.622659 -2.112324
160.521042 7.448089 -1.817713
161.122244 6.437033 -1.565069
161.723447 5.566243 -1.348290
162.324649 4.815843 -1.162179
162.925852 4.168833 -1.002307
163.527054 3.610664 -0.864898
164.128257 3.128875 -0.746730
164.729459 2.712792 -0.645053
165.330661 2.353260 -0.557517
165.931864 2.042430 -0.482115
166.533066 1.773563 -0.417130
167.134269 1.540871 -0.361092
167.735471 1.339384 -0.312744
168.336673 1.164827 -0.271009
168.937876 1.013522 -0.234963
169.539078 0.882306 -0.203814
170.140281 0.768455 -0.176884
170.741483 0.669620 -0.153589
171.342685 0.583779 -0.133427
171.943888 0.509187 -0.115970
172.545090 0.444337 -0.100845
173.146293 0.387930 -0.087736
173.747495 0.338842 -0.076368
174.348697 0.296104 -0.066504
174.949900 0.258877 -0.057943
175.551102 0.226434 -0.050507
176.152305 0.198148 -0.044046
176.753507 0.173473 -0.038429
177.354709 0.151940 -0.033544
177.955912 0.133139 -0.029294
178.557114 0.116717 -0.025594
179.158317 0.102365 -0.022371
179.759519 0.089818 -0.019563
180.360721 0.078843 -0.017115
180.961924 0.069239 -0.014980
181.563126 0.060831 -0.013117
182.164329 0.053467 -0.011491
182.765531 0.047014 -0.010071
183.366733 0.041358 -0.008830
183.967936 0.036397 -0.007745
184.569138 0.032044 -0.006797
185.170341 0.028224 -0.005967
185.771543 0.024870 -0.005241
186.372745 0.021923 -0.004605
186.973948 0.019333 -0.004048
187.575150 0.017056 -0.003559
188.176353 0.015053 -0.003131
188.777555 0.013291 -0.002756
189.378758 0.011739 -0.002426
189.979960 0.010373 -0.002137
190.581162 0.009169 -0.001883
191.182365 0.008109 -0.001660
191.783567 0.007173 -0.001464
192.384770 0.006348 -0.001292
192.985972 0.005620 -0.001140
193.587174 0.004978 -0.001006
194.188377 0.004410 -0.000889
194.789579 0.003909 -0.000785
195.390782 0.003466 -0.000694
195.991984 0.003074 -0.000614
196.593186 0.002728 -0.000543
197.194389 0.002421 -0.000481
197.795591 0.002150 -0.000425
198.396794 0.001910 -0.000377
198.997996 0.001697 -0.000334
199.599198 0.001508 -0.000296
200.200401 0.001341 -0.000262
200.801603 0.001193 -0.000233
201.402806 0.001062 -0.000206
202.004008 0.000945 -0.000183
202.605210 0.000841 -0.000163
203.206413 0.000749 -0.000144
203.807615 0.000668 -0.000128
204.408818 0.000595 -0.000114
205.010020 0.000531 -0.000101
205.611222 0.000473 -0.000090
206.212425 0.000422 -0.000080
206.813627 0.000377 -0.000071
207.414830 0.000336 -0.000064
208.016032 0.000300 -0.000057
208.617234 0.000268 -0.000051
209.218437 0.000239 -0.000045
209.819639 0.000214 -0.000040
210.420842 0.000191 -0.000036
211.022044 0.000171 -0.000032
211.623246 0.000152 -0.000029
212.224449 0.000136 -0.000026
212.825651 0.000122 -0.000023
213.426854 0.000109 -0.000021
214.028056 0.000097 -0.000018
214.629259 0.000086 -0.000017
215.230461 0.000077 -0.000015
215.831663 0.000068 -0.000013
216.432866 0.000061 -0.000012
217.034068 0.000054 -0.000011
217.635271 0.000048 -0.000010
218.236473 0.000042 -0.000009
218.837675 0.000037 -0.000008
219.438878 0.000032 -0.000008
220.040080 0.000027 -0.000007
220.641283 0.000023 -0.000007
221.242485 0.000020 -0.000006
221.843687 0.000016 -0.000006
222.444890 0.000013 -0.000006
223.046092 0.000009 -0.000005
223.647295 0.000006 -0.000005
224.248497 0.000003 -0.000005
224.849699 0.000000 -0.000003
225.450902 0.000000 72.738197
226.052104 87.460758 65.572905
226.653307 78.845176 -13.608520
227.254509 71.097808 -12.238784
227.855711 64.129204 -11.009998
228.456914 57.859333 -9.907343
229.058116 52.216567 -8.917591
229.659319 47.136779 -8.028928
230.260521 42.562545 -7.230806
230.861723 38.442424 -6.513798
231.462926 34.730323 -5.869482
232.064128 31.384931 -5.290326
232.665331 28.369209 -4.769598
233.266533 25.649943 -4.301275
233.867735 23.197336 -3.879967
234.468938 20.984652 -3.500852
235.070140 18.987895 -3.159611
235.671343 17.185521 -2.852379
236.272545 15.558181 -2.575692
236.873747 14.088496 -2.326447
237.474950 12.760849 -2.101863
238.076152 11.561205 -1.899446
238.677355 10.476946 -1.716961
239.278557 9.496723 -1.552402
239.879760 8.610330 -1.403969
240.480962 7.808583 -1.270048
241.082164 7.083218 -1.149189
241.683367 6.426793 -1.040090
242.284569 5.832609 -0.941581
242.885772 5.294632 -0.852612
243.486974 4.807424 -0.772239
244.088176 4.366087 -0.699614
244.689379 3.966205 -0.633972
245.290581 3.603796 -0.574628
245.891784 3.275270 -0.520964
246.492986 2.977387 -0.472425
247.094188 2.707224 -0.428510
247.695391 2.462144 -0.388770
248.296593 2.239765 -0.352798
248.897796 2.037937 -0.320230
249.498998 1.854719 -0.290736
250.100200 1.688355 -0.264020
250.701403 1.537259 -0.239815
251.302605 1.400000 -0.217878
251.903808 1.275281 -0.197994
252.505010 1.161931 -0.179965
253.106212 1.058890 -0.163616
253.707415 0.965199 -0.148785
254.308617 0.879991 -0.135329
254.909820 0.802480 -0.123117
255.511022 0.731954 -0.112032
256.112224 0.667771 -0.101968
256.713427 0.609347 -0.092829
257.314629 0.556154 -0.084527
257.915832 0.507712 -0.076984
258.517034 0.463588 -0.070130
259.118236 0.423387 -0.063900
259.719439 0.386754 -0.058236
260.320641 0.353364 -0.053085
260.921844 0.322924 -0.048401
261.523046 0.295167 -0.044139
262.124248 0.269852 -0.040261
262.725451 0.246758 -0.036731
263.326653 0.225686 -0.033518
263.927856 0.206456 -0.030592
264.529058 0.188902 -0.027928
265.130261 0.172875 -0.025501
265.731463 0.158239 -0.023290
266.332665 0.144872 -0.021274
266.933868 0.132659 -0.019438
267.535070 0.121500 -0.017763
268.136273 0.111301 -0.016236
268.737475 0.101977 -0.014844
269.338677 0.093452 -0.013573
269.939880 0.085657 -0.012414
270.541082 0.078526 -0.011356
271.142285 0.072002 -0.010391
271.743487 0.066032 -0.009509
272.344689 0.060567 -0.008705
272.945892 0.055565 -0.007970
273.547094 0.050985 -0.007298
274.148297 0.046790 -0.006685
274.749499 0.042947 -0.006124
275.350701 0.039426 -0.005612
275.951904 0.036200 -0.005143
276.553106 0.033242 -0.004715
277.154309 0.030530 -0.004324
277.755511 0.028043 -0.003966
278.356713 0.025761 -0.003638
278.957916 0.023668 -0.003339
279.559118 0.021746 -0.003065
280.160321 0.019982 -0.002814
280.761523 0.018363 -0.002585
281.362725 0.016874 -0.002375
281.963928 0.015507 -0.002183
282.565130 0.014250 -0.002007
283.166333 0.013093 -0.001846
283.767535 0.012029 -0.001699
284.368737 0.011050 -0.001565
284.969940 0.010148 -0.001442
285.571142 0.009317 -0.001329
286.172345 0.008550 -0.001226
286.773547 0.007842 -0.001132
287.374749 0.007188 -0.001046
287.975952 0.006584 -0.000968
288.577154 0.006024 -0.000897
289.178357 0.005506 -0.000832
289.779559 0.005024 -0.000773
290.380762 0.004577 -0.000719
290.981964 0.004160 -0.000670
291.583166 0.003771 -0.000626
292.184369 0.003407 -0.000587
292.785571 0.003065 -0.000551
293.386774 0.002744 -0.000519
293.987976 0.002441 -0.000491
294.589178 0.002154 -0.000466
295.190381 0.001881 -0.000444
295.791583 0.001620 -0.000425
296.392786 0.001370 -0.000409
296.993988 0.001128 -0.000396
297.595190 0.000894 -0.000385
298.196393 0.000666 -0.000377
298.797595 0.000441 -0.000371
299.398798 0.000220 -0.000367
300.000000 0.000000 -0.000366
