# Asset Price (S) | Option Price | Delta (dV/dS)
0.000000 0.000000 0.000000
5.050505 0.000000 0.000000
10.101010 0.000000 0.000000
15.151515 0.000000 0.000000
20.202020 0.000000 0.000000
25.252525 0.000002 0.000001
30.303030 0.000013 0.000008
35.353535 0.000081 0.000039
40.404040 0.000402 0.000159
45.454545 0.001691 0.000573
50.505051 0.006193 0.001836
55.555556 0.020233 0.005331
60.606061 0.060038 0.014243
65.656566 0.164100 0.035423
70.707071 0.417847 0.082782
75.757576 1.000286 0.183191
80.808081 2.268258 0.386335
85.858586 4.902661 0.780639
90.909091 10.153496 1.518203
95.959596 20.238040 2.852861
101.010101 38.970275 5.196878
106.060606 72.731761 9.203646
111.111111 131.936398 15.886018
116.161616 233.196590 26.782728
121.212121 402.469009 16.757969
126.262626 402.469009 -39.837377
131.313131 0.071263 -39.828737
136.363636 0.158533 0.020587
141.414141 0.279207 0.029325
146.464646 0.454743 0.043011
151.515152 0.713658 0.063376
156.565657 1.094900 0.092889
161.616162 1.651933 0.134936
166.666667 2.457895 0.194061
171.717172 3.612142 0.276278
176.767677 5.248581 0.389472
181.818182 7.546207 0.543888
186.868687 10.742397 0.752730
191.919192 15.149538 1.032902
196.969697 21.175750 1.405897
202.020202 29.350515 1.898870
207.070707 40.356253 2.545929
212.121212 55.066971 3.389673
217.171717 74.595371 4.483017
222.222222 100.349967 5.891359
227.272727 134.104051 7.695131
232.323232 178.078567 9.992790
237.373737 235.041326 12.904325
242.424242 308.425281 16.575341
247.474747 402.469009 9.310329
252.525253 402.469009 -39.717583
257.575758 1.281298 -39.583509
262.626263 2.635588 0.282813
267.676768 4.137999 0.319811
272.727273 5.865998 0.372746
277.777778 7.903109 0.443163
282.828283 10.342390 0.533288
287.878788 13.289853 0.646034
292.929293 16.867988 0.785037
297.979798 21.219515 0.954704
303.030303 26.511465 1.160298
308.080808 32.939697 1.408026
313.131313 40.733948 1.705156
318.181818 50.163493 2.060150
323.232323 61.543547 2.482818
328.282828 75.242467 2.984489
333.333333 91.689897 3.578206
338.383838 111.385960 4.278949
343.434343 134.911609 5.103879
348.484848 162.940292 6.072607
353.535354 196.251071 7.207502
358.585859 235.743346 8.534027
363.636364 282.453368 10.081108
368.686869 337.572725 11.881548
373.737374 402.469009 6.424732
378.787879 402.469009 -39.475721
383.838384 3.724348 -39.097797
388.888889 7.541770 0.774755
393.939394 11.550154 0.822225
398.989899 15.847077 0.889219
404.040404 20.532167 0.976358
409.090909 25.709279 1.084682
414.141414 31.488554 1.215633
419.191919 37.988404 1.371045
424.242424 45.337491 1.553143
429.292929 53.676713 1.764553
434.343434 63.161261 2.008318
439.393939 73.962756 2.287914
444.444444 86.271499 2.607276
449.494949 100.298873 2.970832
454.545455 116.279905 3.383538
459.595960 134.476023 3.850914
464.646465 155.178030 4.379096
469.696970 178.709315 4.974880
474.747475 205.429338 5.645780
479.797980 235.737394 6.400089
484.848485 270.076705 7.246944
489.898990 308.938852 8.196396
494.949495 352.868580 9.259485
500.000000 402.469009 9.820885
