# Asset Price (S) | Option Price | Delta (dV/dS)
0.000000 0.000000 0.000000
5.050505 0.000000 0.000000
10.101010 0.000000 0.000000
15.151515 0.000000 0.000000
20.202020 0.000000 0.000000
25.252525 0.000002 0.000001
30.303030 0.000013 0.000008
35.353535 0.000081 0.000038
40.404040 0.000401 0.000159
45.454545 0.001686 0.000572
50.505051 0.006175 0.001830
55.555556 0.020174 0.005315
60.606061 0.059863 0.014201
65.656566 0.163622 0.035320
70.707071 0.416630 0.082541
75.757576 0.997370 0.182656
80.808081 2.261643 0.385207
85.858586 4.888355 0.778359
90.909091 10.123856 1.513768
95.959596 20.178937 2.844524
101.010101 38.856423 5.181686
106.060606 72.519198 9.176730
111.111111 131.550671 15.839544
116.161616 232.514592 26.704351
121.212121 401.291586 16.708922
126.262626 401.291586 -39.720833
131.313131 0.071055 -39.712218
136.363636 0.158072 0.020527
141.414141 0.278394 0.029239
146.464646 0.453417 0.042885
151.515152 0.711578 0.063191
156.565657 1.091708 0.092618
161.616162 1.647116 0.134543
166.666667 2.450725 0.193494
171.717172 3.601604 0.275471
176.767677 5.233265 0.388335
181.818182 7.524182 0.542299
186.868687 10.711037 0.750531
191.919192 15.105305 1.029884
196.969697 21.113908 1.401788
202.020202 29.264784 1.893320
207.070707 40.238352 2.538487
212.121212 54.906063 3.379762
217.171717 74.377361 4.469907
222.222222 100.056637 5.874128
227.272727 133.711987 7.672620
232.323232 177.557852 9.963553
237.373737 234.353933 12.866562
242.424242 307.523126 16.526828
247.474747 401.291586 9.283078
252.525253 401.291586 -39.601389
257.575758 1.277558 -39.467705
262.626263 2.627896 0.281988
267.676768 4.125921 0.318877
272.727273 5.848875 0.371658
277.777778 7.880038 0.441869
282.828283 10.312195 0.531730
287.878788 13.251049 0.644147
292.929293 16.818730 0.782743
297.979798 21.157543 0.951915
303.030303 26.434028 1.156907
308.080808 32.843474 1.403910
313.131313 40.614941 1.700171
318.181818 50.016921 2.054127
323.232323 61.363702 2.475559
328.282828 75.022564 2.975761
333.333333 91.421895 3.567741
338.383838 111.060350 4.266433
343.434343 134.517182 5.088948
348.484848 162.463867 6.054840
353.535354 195.677185 7.186413
358.585859 235.053900 8.509054
363.636364 281.627226 10.051605
368.686869 336.585260 11.846772
373.737374 401.291586 6.405926
378.787879 401.291586 -39.360234
383.838384 3.713469 -38.983413
388.888889 7.519740 0.772492
393.939394 11.516415 0.819823
398.989899 15.800784 0.886621
404.040404 20.472184 0.973505
409.090909 25.634168 1.081513
414.141414 31.396553 1.212081
419.191919 37.877406 1.367037
424.242424 45.205010 1.548602
429.292929 53.519854 1.759395
434.343434 62.976672 2.002446
439.393939 73.746583 2.281223
444.444444 86.019331 2.599651
449.494949 100.005681 2.962143
454.545455 115.939970 3.373641
459.595960 134.082862 3.839649
464.646465 154.724307 4.366285
469.696970 178.186749 4.960324
474.747475 204.828591 5.629260
479.797980 235.047961 6.381361
484.848485 269.286781 7.225736
489.898990 308.035193 8.172407
494.949495 351.836344 9.232383
500.000000 401.291586 9.792138
