# Asset Price (S) | Option Price | Delta (dV/dS)
0.000000 0.000000 0.000000
5.050505 0.000000 0.000000
10.101010 0.000000 0.000000
15.151515 0.000000 0.000000
20.202020 0.000000 0.000000
25.252525 0.000002 0.000001
30.303030 0.000014 0.000008
35.353535 0.000082 0.000039
40.404040 0.000407 0.000160
45.454545 0.001701 0.000574
50.505051 0.006207 0.001834
55.555556 0.020226 0.005317
60.606061 0.059911 0.014189
65.656566 0.163547 0.035260
70.707071 0.416068 0.082354
75.757576 0.995405 0.182174
80.808081 2.256211 0.384099
85.858586 4.875190 0.776009
90.909091 10.094687 1.509093
95.959596 20.118551 2.835693
101.010101 38.738051 5.165644
106.060606 72.296769 9.148079
111.111111 131.142885 15.789032
116.161616 231.781943 26.616854
121.212121 400.000000 16.653588
126.262626 400.000000 -39.592973
131.313131 0.070976 -39.584369
136.363636 0.157888 0.020500
141.414141 0.278051 0.029198
146.464646 0.452819 0.042819
151.515152 0.710570 0.063086
156.565657 1.090049 0.092453
161.616162 1.644438 0.134287
166.666667 2.446480 0.193104
171.717172 3.594981 0.274884
176.767677 5.223089 0.387465
181.818182 7.508767 0.541026
186.868687 10.687993 0.748689
191.919192 15.071286 1.027252
196.969697 21.064276 1.398066
202.020202 29.193166 1.888109
207.070707 40.136084 2.531261
212.121212 54.761456 3.369831
217.171717 74.174780 4.456374
222.222222 99.775331 5.855833
227.272727 133.324613 7.648077
232.323232 177.028631 9.930863
237.373737 233.636358 12.823320
242.424242 306.557117 16.470001
247.474747 400.000000 9.250845
252.525253 400.000000 -39.473797
257.575758 1.274782 -39.340408
262.626263 2.622143 0.281358
267.676768 4.116780 0.318144
272.727273 5.835716 0.370776
277.777778 7.861988 0.440787
282.828283 10.288106 0.530388
287.878788 13.219446 0.642476
292.929293 16.777759 0.780659
297.979798 21.104892 0.949319
303.030303 26.366842 1.153682
308.080808 32.758248 1.399915
313.131313 40.507396 1.695237
318.181818 49.881854 2.048055
323.232323 61.194816 2.468111
328.282828 74.812264 2.966657
333.333333 91.161049 3.556650
338.383838 110.738021 4.252966
343.434343 134.120303 5.072647
348.484848 161.976881 6.035170
353.535354 195.081616 7.162748
358.585859 234.327868 8.480664
363.636364 280.744893 10.017643
368.686869 335.516186 11.806256
373.737374 400.000000 6.383898
378.787879 400.000000 -39.233352
383.838384 3.703517 -38.857545
388.888889 7.499542 0.770403
393.939394 11.485368 0.817585
398.989899 15.757977 0.884171
404.040404 20.416386 0.970778
409.090909 25.563812 1.078439
414.141414 31.309713 1.208587
419.191919 37.771766 1.363043
424.242424 45.077824 1.544017
429.292929 53.367898 1.754119
434.343434 62.796194 1.996369
439.393939 73.533238 2.274220
444.444444 85.768111 2.591582
449.494949 99.710833 2.952853
454.545455 115.594910 3.362954
459.595960 133.680068 3.827370
464.646465 154.255210 4.352192
469.696970 177.641605 4.944172
474.747475 204.196341 5.610773
479.797980 234.316075 6.360230
484.848485 268.441086 7.201617
489.898990 307.059680 8.144916
494.949495 350.712961 9.201092
500.000000 400.000000 9.758834
