# Asset Price (S) | Option Price | Delta (dV/dS)
0.000000 0.000000 0.000000
5.050505 0.000000 0.000000
10.101010 0.000000 0.000000
15.151515 0.000000 0.000000
20.202020 0.000000 0.000000
25.252525 0.000001 0.000001
30.303030 0.000012 0.000007
35.353535 0.000076 0.000037
40.404040 0.000388 0.000156
45.454545 0.001655 0.000567
50.505051 0.006120 0.001827
55.555556 0.020114 0.005324
60.606061 0.059901 0.014253
65.656566 0.164085 0.035486
70.707071 0.418348 0.082977
75.757576 1.002236 0.183675
80.808081 2.273650 0.387412
85.858586 4.915488 0.782866
90.909091 10.181391 1.522578
95.959596 20.295062 2.861112
101.010101 39.081515 5.211924
106.060606 72.940755 9.230292
111.111111 132.316791 15.932002
116.161616 233.870073 26.860244
121.212121 403.632386 16.806469
126.262626 403.632386 -39.952473
131.313131 0.072054 -39.943753
136.363636 0.160138 0.020753
141.414141 0.281682 0.029507
146.464646 0.458193 0.043222
151.515152 0.718264 0.063633
156.565657 1.100947 0.093218
161.616162 1.659858 0.135372
166.666667 2.468345 0.194653
171.717172 3.626053 0.277094
176.767677 5.267276 0.390602
181.818182 7.571531 0.545451
186.868687 10.776883 0.754885
191.919192 15.196631 1.035856
196.969697 21.240075 1.409919
202.020202 29.438236 1.904308
207.070707 40.475512 2.553231
212.121212 55.228444 3.399407
217.171717 74.812955 4.495907
222.222222 100.641644 5.908318
227.272727 134.492934 7.717303
232.323232 178.594203 10.021606
237.373737 235.721278 12.941562
242.424242 309.317054 16.623200
247.474747 403.632386 9.337218
252.525253 403.632386 -39.832362
257.575758 1.285299 -39.697871
262.626263 2.643792 0.283686
267.676768 4.150818 0.320787
272.727273 5.884062 0.373870
277.777778 7.927286 0.444485
282.828283 10.373811 0.534864
287.878788 13.329951 0.647929
292.929293 16.918551 0.787326
297.979798 21.282740 0.957477
303.030303 26.590032 1.163657
308.080808 33.036854 1.412094
313.131313 40.853605 1.710075
318.181818 50.310343 2.066089
323.232323 61.723195 2.489973
328.282828 75.461586 2.993088
333.333333 91.956408 3.588517
338.383838 111.709231 4.291282
343.434343 135.302694 5.118594
348.484848 163.412197 6.090120
353.535354 196.819060 7.228296
358.585859 236.425290 8.558657
363.636364 283.270140 10.110213
368.686869 338.548654 11.915862
373.737374 403.632386 6.443289
378.787879 403.632386 -39.589825
383.838384 3.735160 -39.210804
388.888889 7.563662 0.777003
393.939394 11.583675 0.824610
398.989899 15.893056 0.891797
404.040404 20.591721 0.979186
409.090909 25.783825 1.087822
414.141414 31.579825 1.219151
419.191919 38.098477 1.375010
424.242424 45.468812 1.557632
429.292929 53.832137 1.769653
434.343434 63.344093 2.014121
439.393939 74.176794 2.294523
444.444444 86.521094 2.614807
449.494949 100.588988 2.979414
454.545455 116.616183 3.393312
459.595960 134.864864 3.862039
464.646465 155.626677 4.391747
469.696970 179.225947 4.989253
474.747475 206.023174 5.662094
479.797980 236.418812 6.418585
484.848485 270.857365 7.267890
489.898990 309.831839 8.220088
494.949495 353.888557 9.286254
500.000000 403.632386 9.849278
