# Asset Price (S) | Option Price | Delta (dV/dS)
0.000000 0.000000 0.000000
5.050505 0.000000 0.000000
10.101010 0.000000 0.000000
15.151515 0.000000 0.000000
20.202020 0.000000 0.000000
25.252525 0.000002 0.000001
30.303030 0.000013 0.000008
35.353535 0.000080 0.000038
40.404040 0.000400 0.000158
45.454545 0.001680 0.000570
50.505051 0.006155 0.001824
55.555556 0.020109 0.005298
60.606061 0.059671 0.014156
65.656566 0.163098 0.035207
70.707071 0.415294 0.082276
75.757576 0.994171 0.182070
80.808081 2.254385 0.383971
85.858586 4.872662 0.775859
90.909091 10.091342 1.508903
95.959596 20.114104 2.835379
101.010101 38.731532 5.165020
106.060606 72.286024 9.147205
111.111111 131.127543 15.788564
116.161616 231.766467 26.618373
121.212121 400.000000 16.655120
126.262626 400.000000 -39.592988
131.313131 0.070828 -39.584401
136.363636 0.157565 0.020461
141.414141 0.277501 0.029145
146.464646 0.451964 0.042748
151.515152 0.709296 0.062988
156.565657 1.088206 0.092321
161.616162 1.641832 0.134111
166.666667 2.442861 0.192873
171.717172 3.590045 0.274587
176.767677 5.216465 0.387088
181.818182 7.500023 0.540557
186.868687 10.676637 0.748119
191.919192 15.056782 1.026574
196.969697 21.046071 1.397282
202.020202 29.170740 1.887232
207.070707 40.109020 2.530323
212.121212 54.729554 3.368890
217.171717 74.138213 4.455526
222.222222 99.734864 5.855226
227.272727 133.281908 7.647927
232.323232 176.986647 9.931480
237.373737 233.599890 12.825138
242.424242 306.533498 16.473611
247.474747 400.000000 9.253184
252.525253 400.000000 -39.473928
257.575758 1.273456 -39.340674
262.626263 2.619458 0.281082
267.676768 4.112672 0.317853
272.727273 5.830092 0.370464
277.777778 7.854730 0.440449
282.828283 10.279073 0.530021
287.878788 13.208482 0.642077
292.929293 16.764697 0.780227
297.979798 21.089562 0.948854
303.030303 26.349084 1.153187
308.080808 32.737921 1.399396
313.131313 40.484396 1.694703
318.181818 49.856137 2.047520
323.232323 61.166419 2.467595
328.282828 74.781340 2.966187
333.333333 91.127906 3.556261
338.383838 110.703168 4.252704
343.434343 134.084511 5.072570
348.484848 161.941248 6.035351
353.535354 195.047654 7.163279
358.585859 234.297604 8.481659
363.636364 280.720980 10.019240
368.686869 335.502050 11.808623
373.737374 400.000000 6.385297
378.787879 400.000000 -39.233548
383.838384 3.701536 -38.857938
388.888889 7.495574 0.770009
393.939394 11.479403 0.817188
398.989899 15.750002 0.883771
404.040404 20.406386 0.970376
409.090909 25.551775 1.078035
414.141414 31.295632 1.208183
419.191919 37.755645 1.362641
424.242424 45.059685 1.543622
429.292929 53.347785 1.753735
434.343434 62.774185 1.996005
439.393939 73.509449 2.273884
444.444444 85.742713 2.591286
449.494949 99.684060 2.952612
454.545455 115.567075 3.362784
459.595960 133.651580 3.827292
464.646465 154.226592 4.352231
469.696970 177.613513 4.944357
474.747475 204.169595 5.611138
479.797980 234.291679 6.360816
484.848485 268.420266 7.202471
489.898990 307.043914 8.146092
494.949495 350.704021 9.202653
500.000000 400.000000 9.760604
